run_id,trader_id,primary_class,parse_status,raw_message_id,telegram_message_id,reply_to_message_id,raw_text,confidence,warnings,diagnostics_summary,symbol,side,entry_structure,entries_count,entries_summary,stop_loss_price,take_profit_count,take_profit_prices,risk_hint_raw,risk_hint_value,risk_hint_min_value,risk_hint_max_value,leverage_hint,missing_fields,completeness
41,trader_a,SIGNAL,PARSED,2380,200,,"[trader#A]

#ASTERUSDT – Лонг 

Вход (2-фазный):
Вход с текущих: 1.0432
Усреднение: 0.9823

Стоп-лосс:

SL: 0.8461

Тейки (среднесрок):

TP1: 1.2417 → Δ ≈ +19.0%, RR ≈ 1:1.0 
TP2: 1.3478 → Δ ≈ +29.2%, RR ≈ 1:1.6
TP3: 1.5870 → Δ ≈ +52.1%, RR ≈ 1:2.8
TP4: 1.8730 → Δ ≈ +79.5%, RR ≈ 1:4.2
TP5: 2.1370 → Δ ≈ +104.9%, RR ≈ 1:5.5

Риск на сделку 0.5-1%",1.0,non_signal_intents_dropped_in_signal_message,"{""suppressed_intents"": [""TP_HIT:тейки"", ""TP_HIT:tp1"", ""TP_HIT:tp2"", ""TP_HIT:tp3"", ""TP_HIT:tp4"", ""TP_HIT:tp5"", ""MODIFY_ENTRY:вход с текущих""], ""matched_markers"": [""symbol/strong:usdt@17:21"", ""symbol/strong:usdt@17:21"", ""LONG/strong:лонг@24:28"", ""MODIFY_ENTRY/weak:вход@29:33"", ""entry/strong:вход (2-фа",ASTERUSDT,LONG,TWO_STEP,2,1:MARKET:PRIMARY@1.0432|2:LIMIT:AVERAGING@0.9823,0.8461,5,1.2417|1.3478|1.587|1.873|2.137,Риск на сделку 0.5-1%,,0.5,1.0,,,COMPLETE
41,trader_a,SIGNAL,PARSED,2378,202,,"[trader#A]

$LINKUSDT – Шорт 
Вход A (сейчас): 15.239
Усреднение B: 15.713

Стоп лосс (по позиции): 16.399

Тейк-профиты (среднесрок 1–4 недели):

TP1: 14.183 (≈−6.9%, RR от A ≈ 1:0.9)
TP2: 13.517 (≈−11.3%, RR от A ≈ 1:1.5)
TP3: 12.647 (≈−17.0%, RR от A ≈ 1:2.2)
TP4: 11.927 (≈−21.7%, RR от A ≈ 1:2.9)
TP5: 10.839 (≈−28.9%, RR от A ≈ 1:3.8)",1.0,non_signal_intents_dropped_in_signal_message,"{""suppressed_intents"": [""TP_HIT:тейк"", ""TP_HIT:tp1"", ""TP_HIT:tp2"", ""TP_HIT:tp3"", ""TP_HIT:tp4"", ""TP_HIT:tp5""], ""matched_markers"": [""symbol/strong:usdt@16:20"", ""symbol/strong:usdt@16:20"", ""SHORT/strong:шорт@23:27"", ""MODIFY_ENTRY/weak:вход@28:32"", ""PRIMARY/strong:вход a@28:34"", ""MARKET_NOW/weak:сейчас@",LINKUSDT,SHORT,TWO_STEP,2,1:LIMIT:PRIMARY@15.239|2:LIMIT:AVERAGING@15.713,16.399,5,14.183|13.517|12.647|11.927|10.839,,,,,,,COMPLETE
41,trader_a,SIGNAL,PARSED,2352,229,,"[trader#A]

COAIUSDT Шорт (вход с текущих)

Вход (2-фазный):
— Вход с текущих
— Усреднение: 1.1843

Стоп:
— SL: 1.2769

4. Тейки (среднесрок):
— TP1: 0.8627 (Δ ≈ -19.7%, ≈ 1.04R)
— TP2: 0.7385 (Δ ≈ -31.2%, ≈ 1.65R)
— TP3: 0.5473 (Δ ≈ -49.0%, ≈ 2.59R)
— TP4: 0.3829 (Δ ≈ -64.3%, ≈ 3.40R)
— TP5: 0.2617 (Δ ≈ -75.6%, ≈ 4.00R)",1.0,non_signal_intents_dropped_in_signal_message,"{""suppressed_intents"": [""MODIFY_ENTRY:вход с текущих"", ""MODIFY_ENTRY:вход с текущих""], ""matched_markers"": [""symbol/strong:usdt@15:19"", ""symbol/strong:usdt@15:19"", ""SHORT/strong:шорт@20:24"", ""entry/strong:(вход с текущих)@25:41"", ""MODIFY_ENTRY/weak:вход@26:30"", ""MODIFY_ENTRY/strong:вход с текущих@26:",COAIUSDT,SHORT,TWO_STEP,2,1:MARKET:PRIMARY@|2:LIMIT:AVERAGING@1.1843,1.2769,5,0.8627|0.7385|0.5473|0.3829|0.2617,,,,,,,COMPLETE
41,trader_a,SIGNAL,PARSED,2323,265,,"[trader#A]

#FARTCOINUSDT.P ШОРТ (вход с текущих)

Вход с текущих: 0.3053 (70% риска)

Усреднение: 0.3171 (≤30% риска, объём ≤50% A)

SL: 0.3307

Тейки (среднесрок):

TP1 0.2737 (+10.3%, ~1.24R)
TP2 0.2531 (+17.1%, ~2.06R)
TP3 0.2361 (+22.7%, ~2.72R)
TP4 0.2195 (+28.1%, ~3.38R)
TP5 0.1987 (+34.9%, ~4.43R)",1.0,non_signal_intents_dropped_in_signal_message,"{""suppressed_intents"": [""MODIFY_ENTRY:вход с текущих"", ""MODIFY_ENTRY:вход с текущих""], ""matched_markers"": [""symbol/strong:usdt@20:24"", ""symbol/strong:usdt@20:24"", ""symbol/weak:.p@24:26"", ""symbol/strong:.p@24:26"", ""SHORT/strong:шорт@27:31"", ""entry/strong:(вход с текущих)@32:48"", ""MODIFY_ENTRY/weak:вх",FARTCOINUSDT,SHORT,TWO_STEP,2,1:MARKET:PRIMARY@0.3053|2:LIMIT:AVERAGING@0.3171,0.3307,5,0.2737|0.2531|0.2361|0.2195|0.1987,70% риска,70.0,,,,,COMPLETE
41,trader_a,SIGNAL,PARSED,2322,266,,"[trader#A]

DOGEUSDT.P ШОРТ (вход с текущих)

Вход (2-фазный):

Вход с текущих: 0.1772 
Усреднение: 0.1811


Стоп (4H-формула):

SL: 0.1849 

Тейки (среднесрок)

TP1: 0.1689 → +4.68%, 1.08R
TP2: 0.1631 → +7.96%, 1.83R 
TP3: 0.1583 → +10.67%, 2.45R 
TP4: 0.1527 → +13.83%, 3.18R
TP5: 0.1473 → +16.87%, 3.88R",1.0,non_signal_intents_dropped_in_signal_message,"{""suppressed_intents"": [""TP_HIT:тейки"", ""TP_HIT:tp1"", ""TP_HIT:tp2"", ""TP_HIT:tp3"", ""TP_HIT:tp4"", ""TP_HIT:tp5"", ""MODIFY_ENTRY:вход с текущих"", ""MODIFY_ENTRY:вход с текущих""], ""matched_markers"": [""symbol/strong:usdt@15:19"", ""symbol/strong:usdt@15:19"", ""symbol/weak:.p@19:21"", ""symbol/strong:.p@19:21"", """,DOGEUSDT,SHORT,TWO_STEP,2,1:MARKET:PRIMARY@0.1772|2:LIMIT:AVERAGING@0.1811,0.1849,5,0.1689|0.1631|0.1583|0.1527|0.1473,,,,,,,COMPLETE
41,trader_a,SIGNAL,PARSED,2318,270,,"[trader#A]

CHILLGUYUSDT.P ШОРТ (вход с текущих)

Вход (2-фазный):
Вход с текущих: 0.02252
Усреднение: 0.02308

Стоп (4H-формула):
SL: 0.02377

Тейки (среднесрок):
TP1: 0.02196 → +2.48%, 0.45R
TP2: 0.02078 → +7.72%, 1.40R
TP3: 0.02003 → +11.07%, 2.00R
TP4: 0.01908 → +15.28%, 2.76R
TP5: 0.01812 → +19.54%, 3.52R",1.0,non_signal_intents_dropped_in_signal_message,"{""suppressed_intents"": [""TP_HIT:тейки"", ""TP_HIT:tp1"", ""TP_HIT:tp2"", ""TP_HIT:tp3"", ""TP_HIT:tp4"", ""TP_HIT:tp5"", ""MODIFY_ENTRY:вход с текущих"", ""MODIFY_ENTRY:вход с текущих""], ""matched_markers"": [""symbol/strong:usdt@19:23"", ""symbol/strong:usdt@19:23"", ""symbol/weak:.p@23:25"", ""symbol/strong:.p@23:25"", """,CHILLGUYUSDT,SHORT,TWO_STEP,2,1:MARKET:PRIMARY@0.02252|2:LIMIT:AVERAGING@0.02308,0.02377,5,0.02196|0.02078|0.02003|0.01908|0.01812,,,,,,,COMPLETE
41,trader_a,SIGNAL,PARSED,2306,282,,"[trader#A]


POPCATUSDT.P ШОРТ (вход с текущих)

Вход (2-фазный):
— Вход с текущих: 0.1507
— Усреднение: 0.1570

Стоп (4H):
— SL 0.1613

Тейки (среднесрок):
— TP1 0.1407 → +6.6% / 0.94R
— TP2 0.1355 → +10.1% / 1.43R
— TP3 0.1291 → +14.3% / 2.04R
— TP4 0.1225 → +18.7% / 2.66R
— TP5 0.1137 → +24.6% / 3.49R",1.0,non_signal_intents_dropped_in_signal_message,"{""suppressed_intents"": [""TP_HIT:тейки"", ""TP_HIT:tp1"", ""TP_HIT:tp2"", ""TP_HIT:tp3"", ""TP_HIT:tp4"", ""TP_HIT:tp5"", ""MODIFY_ENTRY:вход с текущих"", ""MODIFY_ENTRY:вход с текущих""], ""matched_markers"": [""symbol/strong:usdt@17:21"", ""symbol/strong:usdt@17:21"", ""symbol/weak:.p@21:23"", ""symbol/strong:.p@21:23"", """,POPCATUSDT,SHORT,TWO_STEP,2,1:MARKET:PRIMARY@0.1507|2:LIMIT:AVERAGING@0.157,0.1613,5,0.1407|0.1355|0.1291|0.1225|0.1137,,,,,,,COMPLETE
41,trader_a,SIGNAL,PARSED,2302,286,,"[trader#A]

TRBUSDT.P ЛОНГ (вход с текущих)

Вход (2-фазный):
— Вход с текущих: 26.83
— Усреднение: 26.01

Стоп (4H-формула):
— SL: 25.59

Тейки (среднесрок):
— TP1: 27.49 → +2.46% / 0.53R
— TP2: 27.93 → +4.10% / 0.89R
— TP3: 28.76 → +7.19% / 1.56R
— TP4: 29.64 → +10.47% / 2.27R
— TP5: 31.12 → +15.99% / 3.46R",1.0,non_signal_intents_dropped_in_signal_message,"{""suppressed_intents"": [""TP_HIT:тейки"", ""TP_HIT:tp1"", ""TP_HIT:tp2"", ""TP_HIT:tp3"", ""TP_HIT:tp4"", ""TP_HIT:tp5"", ""MODIFY_ENTRY:вход с текущих"", ""MODIFY_ENTRY:вход с текущих""], ""matched_markers"": [""symbol/strong:usdt@14:18"", ""symbol/strong:usdt@14:18"", ""symbol/weak:.p@18:20"", ""symbol/strong:.p@18:20"", """,TRBUSDT,LONG,TWO_STEP,2,1:MARKET:PRIMARY@26.83|2:LIMIT:AVERAGING@26.01,25.59,5,27.49|27.93|28.76|29.64|31.12,,,,,,,COMPLETE
41,trader_a,SIGNAL,PARSED,2301,287,,"[trader#A]

SEIUSDT.P ЛОНГ (вход с текущих)

Вход (2-фазный):
— Вход с текущих: 0.1803
— Усреднение (условно, при 4H-CHoCH): 0.1749

Стоп (4H-формула):
— SL: 0.1659

Тейки (среднесрок):
— TP1: 0.1933 → +7.21% / 0.90R
— TP2: 0.2019 → +11.98% / 1.50R
— TP3: 0.2147 → +19.08% / 2.39R
— TP4: 0.2289 → +26.96% / 3.38R
— TP5: 0.2463 → +36.61% / 4.58R",1.0,non_signal_intents_dropped_in_signal_message,"{""suppressed_intents"": [""TP_HIT:тейки"", ""TP_HIT:tp1"", ""TP_HIT:tp2"", ""TP_HIT:tp3"", ""TP_HIT:tp4"", ""TP_HIT:tp5"", ""MODIFY_ENTRY:вход с текущих"", ""MODIFY_ENTRY:вход с текущих""], ""matched_markers"": [""symbol/strong:usdt@14:18"", ""symbol/strong:usdt@14:18"", ""symbol/weak:.p@18:20"", ""symbol/strong:.p@18:20"", """,SEIUSDT,LONG,ONE_SHOT,1,1:MARKET:PRIMARY@0.1803,0.1659,5,0.1933|0.2019|0.2147|0.2289|0.2463,,,,,,,COMPLETE
41,trader_a,SIGNAL,PARSED,2298,290,,"[trader#A]

HYPEUSDT.P ШОРТ (вход с текущих)

Вход (2-фазный):
— Вход с текущих: 39.478
— Усреднение: 40.842

Стоп (4H-формула):
— SL: 42.782

Тейки (среднесрок):
— TP1: 35.632 → -9.74% / 1.16R
— TP2: 33.947 → -14.01% / 1.67R
— TP3: 32.184 → -18.48% / 2.21R
— TP4: 30.486 → -22.78% / 2.72R
— TP5: 28.914 → -26.76% / 3.20R",1.0,non_signal_intents_dropped_in_signal_message,"{""suppressed_intents"": [""TP_HIT:тейки"", ""TP_HIT:tp1"", ""TP_HIT:tp2"", ""TP_HIT:tp3"", ""TP_HIT:tp4"", ""TP_HIT:tp5"", ""MODIFY_ENTRY:вход с текущих"", ""MODIFY_ENTRY:вход с текущих""], ""matched_markers"": [""symbol/strong:usdt@15:19"", ""symbol/strong:usdt@15:19"", ""symbol/weak:.p@19:21"", ""symbol/strong:.p@19:21"", """,HYPEUSDT,SHORT,TWO_STEP,2,1:MARKET:PRIMARY@39.478|2:LIMIT:AVERAGING@40.842,42.782,5,35.632|33.947|32.184|30.486|28.914,,,,,,,COMPLETE
41,trader_a,SIGNAL,PARSED,2295,293,,"[trader#A]

ORDIUSDT.P — ЛОНГ (вход с текущих)
• Вход: 5.0113 (anti)
• Усреднение: 4.7291 (~0.8×ATR(4H) ниже)
• Стоп: 4.4913 (ниже 4H свинга; стоп ~10%)
• TPs:
— 5.8613 (+17.0%, ~1.63R)
— 6.3269 (+26.3%, ~2.53R)
— 7.2469 (+44.6%, ~4.30R)
— 7.9369 (+58.4%, ~5.63R)
— 8.7869 (+75.3%, ~7.26R)",1.0,non_signal_intents_dropped_in_signal_message,"{""suppressed_intents"": [""MODIFY_ENTRY:вход с текущих""], ""matched_markers"": [""symbol/strong:usdt@15:19"", ""symbol/strong:usdt@15:19"", ""symbol/weak:.p@19:21"", ""symbol/strong:.p@19:21"", ""LONG/strong:лонг@24:28"", ""entry/strong:(вход с текущих)@29:45"", ""MODIFY_ENTRY/weak:вход@30:34"", ""MODIFY_ENTRY/strong:",ORDIUSDT,LONG,TWO_STEP,2,1:MARKET:PRIMARY@5.0113|2:LIMIT:AVERAGING@4.7291,4.4913,5,5.8613|6.3269|7.2469|7.9369|8.7869,,,,,,,COMPLETE
41,trader_a,SIGNAL,PARSED,2285,304,,"[trader#A]

XRPUSDT.P ШОРТ (вход с текущих)

Вход (2-фазный):
— Вход с текущих: 2.4132 
— Усреднение: 2.4913

Стоп (4H-формула):
— SL: 2.5743

Тейки (среднесрок):
— TP1: 2.3013 → +5.56%, 0.98R / 2.29R
— TP2: 2.2389 → +8.12%, 1.44R / 3.04R
— TP3: 2.1593 → +11.38%, 2.02R / 4.00R
— TP4: 2.1291 → +12.62%, 2.24R / 4.36R
— TP5: 2.0723 → +14.95%, 2.65R / 5.05R",1.0,non_signal_intents_dropped_in_signal_message,"{""suppressed_intents"": [""TP_HIT:тейки"", ""TP_HIT:tp1"", ""TP_HIT:tp2"", ""TP_HIT:tp3"", ""TP_HIT:tp4"", ""TP_HIT:tp5"", ""MODIFY_ENTRY:вход с текущих"", ""MODIFY_ENTRY:вход с текущих""], ""matched_markers"": [""leverage/weak:x@11:12"", ""symbol/strong:usdt@14:18"", ""symbol/strong:usdt@14:18"", ""symbol/weak:.p@18:20"", ""s",XRPUSDT,SHORT,TWO_STEP,2,1:MARKET:PRIMARY@2.4132|2:LIMIT:AVERAGING@2.4913,2.5743,5,2.3013|2.2389|2.1593|2.1291|2.0723,,,,,,,COMPLETE
41,trader_a,SIGNAL,PARSED,2282,309,,"[trader#A]

🚨 AAVEUSDT.P — ШОРТ (вход с текущих)

Вход (2-фазный) 🕹
— Вход с текущих: 206.03
— Усреднение: 211.17

Стоп (4H-формула) 🛡
— SL: 221.63

Тейки (среднесрок) 🎯
— TP1: 197.01 → +4.38% / 0.58R (от B: 1.35R)
— TP2: 184.23 → +10.58% / 1.40R (от B: 2.58R)",1.0,non_signal_intents_dropped_in_signal_message,"{""suppressed_intents"": [""TP_HIT:тейки"", ""TP_HIT:tp1"", ""TP_HIT:tp2"", ""MODIFY_ENTRY:вход с текущих"", ""MODIFY_ENTRY:вход с текущих""], ""matched_markers"": [""symbol/strong:usdt@17:21"", ""symbol/strong:usdt@17:21"", ""symbol/weak:.p@21:23"", ""symbol/strong:.p@21:23"", ""SHORT/strong:шорт@26:30"", ""entry/strong:(в",AAVEUSDT,SHORT,TWO_STEP,2,1:MARKET:PRIMARY@206.03|2:LIMIT:AVERAGING@211.17,221.63,2,197.01|184.23,,,,,,,COMPLETE
41,trader_a,SIGNAL,PARSED,2281,310,,"[trader#A]


ATOMUSDT.P ШОРТ (вход с текущих) 🐻🔻

Вход (2-фазный):
— Вход с текущих: 2.893 ✅
— Усреднение: 2.967 (ретест PDH/1H breaker)

Стоп:
— SL: 2.991 🧷

Тейки (среднесрок): 🎯
— TP1: 2.747 → -5.0% / 1.49R (от B: 9.17R)
— TP2: 2.628 → -9.2% / 2.70R (от B: 14.13R)",1.0,non_signal_intents_dropped_in_signal_message,"{""suppressed_intents"": [""MODIFY_ENTRY:вход с текущих"", ""MODIFY_ENTRY:вход с текущих""], ""matched_markers"": [""symbol/strong:usdt@15:19"", ""symbol/strong:usdt@15:19"", ""symbol/weak:.p@19:21"", ""symbol/strong:.p@19:21"", ""SHORT/strong:шорт@22:26"", ""entry/strong:(вход с текущих)@27:43"", ""MODIFY_ENTRY/weak:вх",ATOMUSDT,SHORT,TWO_STEP,2,1:MARKET:PRIMARY@2.893|2:LIMIT:AVERAGING@2.967,2.991,2,2.747|2.628,,,,,,,COMPLETE
41,trader_a,SIGNAL,PARSED,2280,311,,"[trader#A]


LDOUSDT.P ШОРТ (вход с текущих)

Вход (2-фазный):
— Вход с текущих: 0.7961 ✅
— Усреднение: 0.8267 (ретест 1H breaker)

Стоп (по формуле):
— SL: 0.8547 🛡

Тейки (среднесрок):
— TP1 0.7427 → +6.71% / 0.91R 🎯
— TP2 0.7093 → +10.90% / 1.48R 🎯",1.0,non_signal_intents_dropped_in_signal_message,"{""suppressed_intents"": [""TP_HIT:тейки"", ""TP_HIT:tp1"", ""TP_HIT:tp2"", ""MODIFY_ENTRY:вход с текущих"", ""MODIFY_ENTRY:вход с текущих""], ""matched_markers"": [""symbol/strong:usdt@14:18"", ""symbol/strong:usdt@14:18"", ""symbol/weak:.p@18:20"", ""symbol/strong:.p@18:20"", ""SHORT/strong:шорт@21:25"", ""entry/strong:(в",LDOUSDT,SHORT,TWO_STEP,2,1:MARKET:PRIMARY@0.7961|2:LIMIT:AVERAGING@0.8267,0.8547,2,0.7427|0.7093,,,,,,,COMPLETE
41,trader_a,SIGNAL,PARSED,2279,312,,"[trader#A]

WIFUSDT.P ШОРТ (вход с текущих) 🔻

Вход (2-фазный):
— Вход с текущих: 0.4573 ✍️
— Усреднение: 0.4738 (≈1×ATR4H) 🔁

Стоп (4H-формула):
— SL: 0.4885 🛑

Тейки (среднесрок):
— TP1: 0.4093 → +10.5% / 1.54R 🎯
— TP2: 0.3877 → +15.2% / 2.23R 🎯",1.0,non_signal_intents_dropped_in_signal_message,"{""suppressed_intents"": [""TP_HIT:тейки"", ""TP_HIT:tp1"", ""TP_HIT:tp2"", ""MODIFY_ENTRY:вход с текущих"", ""MODIFY_ENTRY:вход с текущих""], ""matched_markers"": [""symbol/strong:usdt@14:18"", ""symbol/strong:usdt@14:18"", ""symbol/weak:.p@18:20"", ""symbol/strong:.p@18:20"", ""SHORT/strong:шорт@21:25"", ""entry/strong:(в",WIFUSDT,SHORT,TWO_STEP,2,1:MARKET:PRIMARY@0.4573|2:LIMIT:AVERAGING@0.4738,0.4885,2,0.4093|0.3877,,,,,,,COMPLETE
41,trader_a,SIGNAL,PARSED,2253,338,,"[trader#A]

LTCUSDT.P ШОРТ (вход с текущих) 🐻

Вход (2-фазный):
— Вход с текущих: 94.71 🔻
— Усреднение на откате: 99.11 (зона EMA200(4H)+PDH) 🎣

Стоп (4H-формула):
— SL: 108.03 🛡 

Тейки (среднесрок, 3 цели):
— TP1: 87.23 → ~-7.9%, 0.56R от A  🎯
— TP2: 82.19 → ~-13.2%, 0.94R от A  🎯
— TP3: 78.73 → ~-16.9%, 1.20R от A  🎯",1.0,non_signal_intents_dropped_in_signal_message,"{""suppressed_intents"": [""TP_HIT:тейки"", ""TP_HIT:цели"", ""TP_HIT:tp1"", ""TP_HIT:tp2"", ""TP_HIT:tp3"", ""MODIFY_ENTRY:вход с текущих"", ""MODIFY_ENTRY:вход с текущих""], ""matched_markers"": [""symbol/strong:usdt@14:18"", ""symbol/strong:usdt@14:18"", ""symbol/weak:.p@18:20"", ""symbol/strong:.p@18:20"", ""SHORT/strong:",LTCUSDT,SHORT,ONE_SHOT,1,1:MARKET:PRIMARY@94.71,108.03,3,87.23|82.19|78.73,,,,,,,COMPLETE
41,trader_a,SIGNAL,PARSED,2234,357,,"[trader#A]

ENAUSDT.P ШОРТ (вход с текущих) 🐻

Вход (2-фазный):
— Вход с текущих: 0.2863
— Усреднение: 0.2994

Стоп (4H-формула):
— SL: 0.3257 🛡

Тейки (среднесрок, 3 цели):
— TP1: 0.2623 → +8.38% / 0.61R 🎯
— TP2: 0.2297 → +19.77% / 1.44R 🎯


Раз сделка по AAVE закрылась, значит освободился слот для новой",1.0,non_signal_intents_dropped_in_signal_message,"{""suppressed_intents"": [""TP_HIT:тейки"", ""TP_HIT:цели"", ""TP_HIT:tp1"", ""TP_HIT:tp2"", ""MODIFY_ENTRY:вход с текущих"", ""MODIFY_ENTRY:вход с текущих""], ""matched_markers"": [""symbol/strong:usdt@14:18"", ""symbol/strong:usdt@14:18"", ""symbol/weak:.p@18:20"", ""symbol/strong:.p@18:20"", ""SHORT/strong:шорт@21:25"", """,ENAUSDT,SHORT,TWO_STEP,2,1:MARKET:PRIMARY@0.2863|2:LIMIT:AVERAGING@0.2994,0.3257,2,0.2623|0.2297,,,,,,,COMPLETE
41,trader_a,SIGNAL,PARSED,2213,379,,"[trader#A]

#FARTCOINUSDT 🐻 Шорт (вход с текущих)

Вход (2-фазный):
— Вход с текущих: 0.2457
— Усреднение: 0.2623

Стоп (4H-формула):
— SL: 0.2769 🛡

Тейки (среднесрок, 3 цели):
— TP1: 0.2227 → движение в нашу сторону ≈ +9.4%, 0.74R 🎯
— TP2: 0.2019 → ≈ +17.8%, 1.40R 🎯
— TP3: 0.1769 → ≈ +28.0%, 2.21R 🎯",1.0,non_signal_intents_dropped_in_signal_message,"{""suppressed_intents"": [""TP_HIT:тейки"", ""TP_HIT:цели"", ""TP_HIT:tp1"", ""TP_HIT:tp2"", ""TP_HIT:tp3"", ""MODIFY_ENTRY:вход с текущих"", ""MODIFY_ENTRY:вход с текущих""], ""matched_markers"": [""symbol/strong:usdt@20:24"", ""symbol/strong:usdt@20:24"", ""SHORT/strong:шорт@27:31"", ""entry/strong:(вход с текущих)@32:48""",FARTCOINUSDT,SHORT,TWO_STEP,2,1:MARKET:PRIMARY@0.2457|2:LIMIT:AVERAGING@0.2623,0.2769,3,0.2227|0.2019|0.1769,,,,,,,COMPLETE
41,trader_a,SIGNAL,PARSED,2211,383,,"[trader#A]

#DOGEUSDT.P Шорт (вход с текущих)

Вход (2-фазный):
— Вход с текущих: 0.1637 
— Усреднение: 0.1686 

Стоп (4H-формула):
— SL: 0.1775 

Тейки (среднесрок, 3 цели):
— TP1: 0.1543Δ ≈ 5.7%, ≈0.68R (от A) 🎯
— TP2: 0.1441 Δ ≈ 12.0%, ≈1.42R (от A) 🎯🎯
— TP3: 0.1360 Δ ≈ 16.9%, ≈2.01R (от A) 🎯🎯🎯",1.0,non_signal_intents_dropped_in_signal_message,"{""suppressed_intents"": [""TP_HIT:тейки"", ""TP_HIT:цели"", ""TP_HIT:tp1"", ""TP_HIT:tp2"", ""TP_HIT:tp3"", ""MODIFY_ENTRY:вход с текущих"", ""MODIFY_ENTRY:вход с текущих""], ""matched_markers"": [""symbol/strong:usdt@16:20"", ""symbol/strong:usdt@16:20"", ""symbol/weak:.p@20:22"", ""symbol/strong:.p@20:22"", ""SHORT/strong:",DOGEUSDT,SHORT,TWO_STEP,2,1:MARKET:PRIMARY@0.1637|2:LIMIT:AVERAGING@0.1686,0.1775,3,0.1543|0.1441|0.136,,,,,,,COMPLETE
41,trader_a,SIGNAL,PARSED,2209,385,,"[trader#A]

#PIEVERSEUSDT 🐂 Лонг (вход с текущих, SCOUT 0.3–0.5%)

Вход (2-фазный):
— Вход с текущих: 0.2467
— Усреднение: 0.2143 (зона ретеста PDH, опционально)

Стоп:
— SL: 0.1993 🛡

Тейки (среднесрок, 3 цели):
— TP1: 0.3033 → +22.9% / 1.19R 🎯
— TP2: 0.3473 → +40.8% / 2.12R 🎯
— TP3: 0.3581 → +45.2% / 2.35R 🎯


Очень аккуратно, монета новая
Брать риск не выше 0.3% от депозита и плечо максимум 3",1.0,non_signal_intents_dropped_in_signal_message,"{""suppressed_intents"": [""MODIFY_ENTRY:вход с текущих"", ""MODIFY_ENTRY:вход с текущих""], ""matched_markers"": [""symbol/strong:usdt@20:24"", ""symbol/strong:usdt@20:24"", ""LONG/strong:лонг@27:31"", ""MODIFY_ENTRY/weak:вход@33:37"", ""MODIFY_ENTRY/strong:вход с текущих@33:47"", ""MARKET/strong:вход с текущих@33:47",PIEVERSEUSDT,LONG,RANGE,2,1:LIMIT:PRIMARY@0.0|2:LIMIT:AVERAGING@3.0,0.1993,3,0.3033|0.3473|0.3581,"вход с текущих, SCOUT 0.3–0.5%",,0.3,0.5,,,COMPLETE
41,trader_a,SIGNAL,PARSED,2203,391,,"[trader#A]


#STRKUSDT Лонг (вход с текущих) 🐂

Вход (2-фазный):
— Вход с текущих: 0.2337 (SCOUT-лонг по тренду, маленький риск)
— Усреднение: 0.2179 (ретест зоны PDH/PMH и 4H-OB)

Стоп:
— SL: 0.1891 (ниже дневной базы и пробитых хайов, слом импульса)

Тейки (среднесрок, 3 цели):
— TP1: 0.2593 → +10.9% / 0.57R от A и +19.0% / 1.44R от B 🎯
— TP2: 0.2974 → +27.3% / 1.43R от A и +36.5% / 2.76R от B 🎯
— TP3: 0.3315 → +41.9% / 2.19R от A и +52.1% / 3.94R от B 🎯",1.0,non_signal_intents_dropped_in_signal_message,"{""suppressed_intents"": [""MODIFY_ENTRY:вход с текущих"", ""MODIFY_ENTRY:вход с текущих""], ""matched_markers"": [""symbol/strong:usdt@16:20"", ""symbol/strong:usdt@16:20"", ""LONG/strong:лонг@21:25"", ""entry/strong:(вход с текущих)@26:42"", ""MODIFY_ENTRY/weak:вход@27:31"", ""MODIFY_ENTRY/strong:вход с текущих@27:4",STRKUSDT,LONG,TWO_STEP,2,1:MARKET:PRIMARY@0.2337|2:LIMIT:AVERAGING@0.2179,0.1891,3,0.2593|0.2974|0.3315,,,,,,,COMPLETE
41,trader_a,SIGNAL,PARSED,2191,410,,"[trader#A]


#PNUTUSDT 🐻 Шорт (вход с текущих)

Вход (2-фазный):
— Вход с текущих: 0.09573 (лимит чуть выше текущей цены, anti-rounding)
— Усреднение: 0.09993 (ретест сломанной зоны 0.098–0.100, ≈1×ATR(4H) выше A)

Стоп:
— SL: 0.10423 (над сломанным 4H-диапазоном и буфером волатильности)

Тейки (среднесрок, 3 цели):
— TP1: 0.08891 → Δ от A ≈ 7.1%, 0.8R; от B ≈ 11.0%, 2.56R 🎯
— TP2: 0.08317 → Δ от A ≈ 13.1%, 1.48R; от B ≈ 16.8%, 3.90R 🎯
— TP3: 0.07186 → Δ от A ≈ 24.9%, 2.81R; от B ≈ 28.1%, 6.53R 🎯


Пробуем очень аккуратно, входим не более 0.5% от депозита, плечи тоже контролируйте",1.0,non_signal_intents_dropped_in_signal_message,"{""suppressed_intents"": [""MODIFY_ENTRY:вход с текущих"", ""MODIFY_ENTRY:вход с текущих""], ""matched_markers"": [""symbol/strong:usdt@16:20"", ""symbol/strong:usdt@16:20"", ""SHORT/strong:шорт@23:27"", ""entry/strong:(вход с текущих)@28:44"", ""MODIFY_ENTRY/weak:вход@29:33"", ""MODIFY_ENTRY/strong:вход с текущих@29:",PNUTUSDT,SHORT,TWO_STEP,2,1:MARKET:PRIMARY@0.09573|2:LIMIT:AVERAGING@0.09993,0.10423,3,0.08891|0.08317|0.07186,входим не более 0.5%,0.5,,,,,COMPLETE
41,trader_a,SIGNAL,PARSED,2184,417,,"[trader#A]

#ENAUSDT Шорт (вход с текущих) 🐻

Вход (2-фазный):

Вход с текущих: 0.2842

Усреднение: 0.2976 

Стоп (4H-формула, среднесрок):

SL: 0.3284  🛡

Тейки (среднесрок, 3 цели):

TP1: 0.2591 ≈ −8.8% / 0.57R
TP2: 0.2223  ≈ −21.8% / 1.40R
TP3: 0.1887  ≈ −33.6% / 2.16R",1.0,non_signal_intents_dropped_in_signal_message,"{""suppressed_intents"": [""TP_HIT:тейки"", ""TP_HIT:цели"", ""TP_HIT:tp1"", ""TP_HIT:tp2"", ""TP_HIT:tp3"", ""MODIFY_ENTRY:вход с текущих"", ""MODIFY_ENTRY:вход с текущих""], ""matched_markers"": [""symbol/strong:usdt@15:19"", ""symbol/strong:usdt@15:19"", ""SHORT/strong:шорт@20:24"", ""entry/strong:(вход с текущих)@25:41""",ENAUSDT,SHORT,TWO_STEP,2,1:MARKET:PRIMARY@0.2842|2:LIMIT:AVERAGING@0.2976,0.3284,3,0.2591|0.2223|0.1887,,,,,,,COMPLETE
41,trader_a,SIGNAL,PARSED,2183,418,,"[trader#A]

#UNIUSDT Лонг (вход с текущих) 🐂

Вход (2-фазный):
— Вход с текущих: 7.83 (anti-rounding, не 7.80)
— Усреднение: 7.47 (ретест PDH/EMA-кластер 4H, чуть ниже видимого кластера ликвидности)

Стоп (4H-формула):
— SL: 6.68 (за 4H-свинговым лоу, стоп ≈14.7% от A, в лимите для топ-альта) 🛡

Тейки (среднесрок, 3 цели):
— TP1: 8.70 — первая дневная зона/PMH, ≈ +11.1% / 0.8R от A 🎯
— TP2: 10.40 — 1D-поставка перед прошлым сливом, ≈ +32.8% / 2.2R от A 🎯",1.0,non_signal_intents_dropped_in_signal_message,"{""suppressed_intents"": [""TP_HIT:тейки"", ""TP_HIT:цели"", ""TP_HIT:tp1"", ""TP_HIT:tp2"", ""MODIFY_ENTRY:вход с текущих"", ""MODIFY_ENTRY:вход с текущих""], ""matched_markers"": [""symbol/strong:usdt@15:19"", ""symbol/strong:usdt@15:19"", ""LONG/strong:лонг@20:24"", ""entry/strong:(вход с текущих)@25:41"", ""MODIFY_ENTRY",UNIUSDT,LONG,TWO_STEP,2,1:MARKET:PRIMARY@7.83|2:LIMIT:AVERAGING@7.47,6.68,2,8.7|10.4,,,,,,,COMPLETE
41,trader_a,SIGNAL,PARSED,2173,439,,"[trader#A]

#BTCUSDT Лонг (вход с текущих)

Вход (2-фазный):
— Вход с текущих: 91 206.98 (чуть выше трендовой и PDL, с anti-rounding) 🐂
— Усреднение: 89 513.7 (глубокий ретест трендовой ≈0.8×ATR(4H))

Стоп (4H-формула):
— SL: 86 783.9 (под дневной зоной спроса и 4H swing-low) 🛡

Тейки (среднесрок, 3 цели):
— TP1: 94 263.7 — возврат в нижний диапазон (от A: +3.8% / 0.87R, от B: +5.3% / 1.74R) 🎯
— TP2: 97 468.3 — зона PDH / 4H поставка (от A: +7.4% / 1.66R, от B: +8.9% / 2.91R) 🎯
— TP3: 104 819.1 — недельная поставка / EMA200(4H) (от A: +15.5% / 3.5R, от B: +17.1% / 5.61R)",1.0,non_signal_intents_dropped_in_signal_message,"{""suppressed_intents"": [""TP_HIT:тейки"", ""TP_HIT:цели"", ""TP_HIT:tp1"", ""TP_HIT:tp2"", ""TP_HIT:tp3"", ""MODIFY_ENTRY:вход с текущих"", ""MODIFY_ENTRY:вход с текущих""], ""matched_markers"": [""symbol/strong:usdt@15:19"", ""symbol/strong:usdt@15:19"", ""LONG/strong:лонг@20:24"", ""entry/strong:(вход с текущих)@25:41"",",BTCUSDT,LONG,TWO_STEP,2,1:MARKET:PRIMARY@91206.98|2:LIMIT:AVERAGING@89513.7,86783.9,3,94263.7|97468.3|104819.1,,,,,,,COMPLETE
41,trader_a,SIGNAL,PARSED,2168,444,,"[trader#A]

#FARTCOINUSDT 🐂 Лонг (вход с текущих)

Вход (2-фазный):
— Вход с текущих: 0.2513
— Усреднение: 0.2391

Стоп:
— SL: 0.2031 🛡

Тейки (среднесрок, 3 цели):
— TP1: 0.2773 🎯 (от A: +10.3%, от B: +16.0%)
— TP2: 0.3397 🎯 (от A: +35.2%, от B: +42.1%)
— TP3: 0.3991 🎯 (от A: +58.8%, от B: +66.9%)

Спот (цель по 1W-ТФ):
— Цель: 0.7467 💫 (от A: +197.1%)",1.0,non_signal_intents_dropped_in_signal_message,"{""suppressed_intents"": [""MODIFY_ENTRY:вход с текущих"", ""MODIFY_ENTRY:вход с текущих""], ""matched_markers"": [""symbol/strong:usdt@20:24"", ""symbol/strong:usdt@20:24"", ""LONG/strong:лонг@27:31"", ""entry/strong:(вход с текущих)@32:48"", ""MODIFY_ENTRY/weak:вход@33:37"", ""MODIFY_ENTRY/strong:вход с текущих@33:4",FARTCOINUSDT,LONG,TWO_STEP,2,1:MARKET:PRIMARY@0.2513|2:LIMIT:AVERAGING@0.2391,0.2031,3,0.2773|0.3397|0.3991,,,,,,,COMPLETE
41,trader_a,SIGNAL,PARSED,2162,450,,"[trader#A]

#ETHUSDT 🐂 Лонг (вход с текущих)

Вход (2-фазный):
— Вход с текущих: 3 057,45
— Усреднение: 2 974,32

Стоп:
— SL: 2 792,73 🛡

Тейки (среднесрок, 3 цели):
— TP1: 3 244,83 🎯 (от A: +6,1%, от B: +9,1%)
— TP2: 3 479,27 🎯 (от A: +13,8%, от B: +17,0%)
— TP3: 3 614,29 🎯 (от A: +18,2%, от B: +21,5%)

Спот (цель по 1W-ТФ):
— Цель: 4 489,37 💫 (от A: +46,8%)",1.0,non_signal_intents_dropped_in_signal_message,"{""suppressed_intents"": [""MODIFY_ENTRY:вход с текущих"", ""MODIFY_ENTRY:вход с текущих""], ""matched_markers"": [""symbol/strong:usdt@15:19"", ""symbol/strong:usdt@15:19"", ""LONG/strong:лонг@22:26"", ""entry/strong:(вход с текущих)@27:43"", ""MODIFY_ENTRY/weak:вход@28:32"", ""MODIFY_ENTRY/strong:вход с текущих@28:4",ETHUSDT,LONG,TWO_STEP,2,1:MARKET:PRIMARY@3057.45|2:LIMIT:AVERAGING@2974.32,2792.73,3,3244.83|3479.27|3614.29,,,,,,,COMPLETE
41,trader_a,SIGNAL,PARSED,2160,452,,"[trader#A]

#DOGEUSDT.P 🐂 Лонг (вход с текущих, SCOUT)

Вход (2-фазный):
— Вход с текущих: 0.1568
— Усреднение: 0.1496

Стоп:
— SL: 0.1419 🛡

Тейки (среднесрок, 3 цели):
— TP1: 0.1652 🎯 (от A: +5.4%, от B: +10.4%)
— TP2: 0.1787 🎯 (от A: +14.0%, от B: +19.5%)
— TP3: 0.1928 🎯 (от A: +23.0%, от B: +28.9%)

Спот (цель по 1W-ТФ):
— Цель: 0.2624 💫 (от A: +67.3%)",1.0,non_signal_intents_dropped_in_signal_message,"{""suppressed_intents"": [""MODIFY_ENTRY:вход с текущих"", ""MODIFY_ENTRY:вход с текущих""], ""matched_markers"": [""symbol/strong:usdt@16:20"", ""symbol/strong:usdt@16:20"", ""symbol/weak:.p@20:22"", ""symbol/strong:.p@20:22"", ""LONG/strong:лонг@25:29"", ""MODIFY_ENTRY/weak:вход@31:35"", ""MODIFY_ENTRY/strong:вход с т",DOGEUSDT,LONG,TWO_STEP,2,1:MARKET:PRIMARY@0.1568|2:LIMIT:AVERAGING@0.1496,0.1419,3,0.1652|0.1787|0.1928,,,,,,,COMPLETE
41,trader_a,SIGNAL,PARSED,2148,470,,"[trader#A]


#SHIBUSDT 🐂 Лонг (вход с текущих)


Вход (2-фазный):
— Вход с текущих: 0,008643
— Усреднение: 0,008407


Стоп:
— SL: 0,007893 🛡


Тейки (среднесрок, 3 цели):
— TP1: 0,009393 🎯 (от A: +8,7%, от B: +11,7%)
— TP2: 0,009768 🎯 (от A: +13,0%, от B: +16,2%)
— TP3: 0,010293 🎯 (от A: +19,1%, от B: +22,4%)


Спот (цель по 1W-ТФ):
— Цель: 0,011230 💫 (от A: ≈ +30,0%)",1.0,non_signal_intents_dropped_in_signal_message,"{""suppressed_intents"": [""MODIFY_ENTRY:вход с текущих"", ""MODIFY_ENTRY:вход с текущих""], ""matched_markers"": [""symbol/strong:usdt@16:20"", ""symbol/strong:usdt@16:20"", ""LONG/strong:лонг@23:27"", ""entry/strong:(вход с текущих)@28:44"", ""MODIFY_ENTRY/weak:вход@29:33"", ""MODIFY_ENTRY/strong:вход с текущих@29:4",SHIBUSDT,LONG,TWO_STEP,2,1:MARKET:PRIMARY@0.008643|2:LIMIT:AVERAGING@0.008407,0.007893,3,0.009393|0.009768|0.010293,,,,,,,COMPLETE
41,trader_a,SIGNAL,PARSED,2142,478,,"[trader#A]

#SIGNUSDT 🐂 Лонг (вход с текущих)


Вход (2-фазный):
— Вход с текущих: 0.0427
— Усреднение: 0.0413


Стоп:
— SL: 0.0392 🛡


Тейки (среднесрок, 3 цели):
— TP1: 0.0448 🎯 (от A: +4.9%, от B: +8.5%)
— TP2: 0.0479 🎯 (от A: +12.2%, от B: +16.0%)
— TP3: 0.0526 🎯 (от A: +23.2%, от B: +27.4%)


Спот (цель по 1W-ТФ):
— Цель: 0.0713 💫 (от A: +67.0%)",1.0,non_signal_intents_dropped_in_signal_message,"{""suppressed_intents"": [""MODIFY_ENTRY:вход с текущих"", ""MODIFY_ENTRY:вход с текущих""], ""matched_markers"": [""symbol/strong:usdt@16:20"", ""symbol/strong:usdt@16:20"", ""LONG/strong:лонг@23:27"", ""entry/strong:(вход с текущих)@28:44"", ""MODIFY_ENTRY/weak:вход@29:33"", ""MODIFY_ENTRY/strong:вход с текущих@29:4",SIGNUSDT,LONG,TWO_STEP,2,1:MARKET:PRIMARY@0.0427|2:LIMIT:AVERAGING@0.0413,0.0392,3,0.0448|0.0479|0.0526,,,,,,,COMPLETE
41,trader_a,SIGNAL,PARSED,2140,484,,"[trader#A]

#OPUSDT 🐻 Шорт (вход с текущих)


Вход (2-фазный):
— Вход с текущих: 0.3910
— Усреднение: нет


Стоп:
— SL: 0.4217 🛡


Тейки (среднесрок, 3 цели):
— TP1: 0.3629 🎯 (от A: +5.7%, от B: +8.9%)
— TP2: 0.3323 🎯 (от A: +13.6%, от B: +16.6%)
— TP3: 0.2811 🎯 (от A: +26.9%, от B: +29.4%)",1.0,non_signal_intents_dropped_in_signal_message,"{""suppressed_intents"": [""MODIFY_ENTRY:вход с текущих"", ""MODIFY_ENTRY:вход с текущих""], ""matched_markers"": [""symbol/strong:usdt@14:18"", ""symbol/strong:usdt@14:18"", ""SHORT/strong:шорт@21:25"", ""entry/strong:(вход с текущих)@26:42"", ""MODIFY_ENTRY/weak:вход@27:31"", ""MODIFY_ENTRY/strong:вход с текущих@27:",OPUSDT,SHORT,ONE_SHOT,1,1:MARKET:PRIMARY@0.391,0.4217,3,0.3629|0.3323|0.2811,,,,,,,COMPLETE
41,trader_a,SIGNAL,PARSED,2139,485,,"[trader#A]

#SKLUSDT 🐻 Шорт (вход с текущих)

Вход (2-фазный):
— Вход с текущих: 0.01522
— Усреднение: 0.0159

Стоп:
— SL: 0.0170 🛡

Тейки (среднесрок, 3 цели):
— TP1: 0.0142 🎯 (от A: +7.2%, от B: +10.7%)
— TP2: 0.0129 🎯 (от A: +15.7%, от B: +18.9%)
— TP3: 0.0106 🎯 (от A: +30.7%, от B: +33.3%)",1.0,non_signal_intents_dropped_in_signal_message,"{""suppressed_intents"": [""MODIFY_ENTRY:вход с текущих"", ""MODIFY_ENTRY:вход с текущих""], ""matched_markers"": [""symbol/strong:usdt@15:19"", ""symbol/strong:usdt@15:19"", ""SHORT/strong:шорт@22:26"", ""entry/strong:(вход с текущих)@27:43"", ""MODIFY_ENTRY/weak:вход@28:32"", ""MODIFY_ENTRY/strong:вход с текущих@28:",SKLUSDT,SHORT,TWO_STEP,2,1:MARKET:PRIMARY@0.01522|2:LIMIT:AVERAGING@0.0159,0.017,3,0.0142|0.0129|0.0106,,,,,,,COMPLETE
41,trader_a,SIGNAL,PARSED,2129,496,,"[trader#A]

#GRASSUSDT.P 🐂 Лонг (вход с текущих)


Вход (2-фазный):
— Вход с текущих: 0.5029
— Усреднение: 0.4587


Стоп:
— SL: 0.4039 🛡


Тейки (среднесрок, 3 цели):
— TP1: 0.6283 🎯 (от A: +24.9%, от B: +37.0%)
— TP2: 0.7827 🎯 (от A: +55.6%, от B: +70.6%)
— TP3: 0.9481 🎯 (от A: +88.5%, от B: +106.7%)


Спот (цель по 1W-ТФ):
— Цель: 1.2483 💫 (от A: +148.2%)

используем 0.3% от депозита",1.0,non_signal_intents_dropped_in_signal_message,"{""suppressed_intents"": [""MODIFY_ENTRY:вход с текущих"", ""MODIFY_ENTRY:вход с текущих""], ""matched_markers"": [""symbol/strong:usdt@17:21"", ""symbol/strong:usdt@17:21"", ""symbol/weak:.p@21:23"", ""symbol/strong:.p@21:23"", ""LONG/strong:лонг@26:30"", ""entry/strong:(вход с текущих)@31:47"", ""MODIFY_ENTRY/weak:вхо",GRASSUSDT,LONG,TWO_STEP,2,1:MARKET:PRIMARY@0.5029|2:LIMIT:AVERAGING@0.4587,0.4039,3,0.6283|0.7827|0.9481,0.3% от депозита,0.3,,,,,COMPLETE
41,trader_a,SIGNAL,PARSED,2122,516,,"[trader#A]


#ENAUSDT 🐻 Шорт (вход с текущих)

Вход (2-фазный):
— Вход с текущих: 0.2368
— Усреднение: 0.2493

Стоп:
— SL: 0.2742 🛡

Тейки (среднесрок, 3 цели):
— TP1: 0.2093 🎯 (от A: +11.6%, от B: +16.0%)
— TP2: 0.1827 🎯 (от A: +22.8%, от B: +26.7%)
— TP3: 0.1475 🎯 (от A: +37.7%, от B: +40.8%)",1.0,non_signal_intents_dropped_in_signal_message,"{""suppressed_intents"": [""MODIFY_ENTRY:вход с текущих"", ""MODIFY_ENTRY:вход с текущих""], ""matched_markers"": [""symbol/strong:usdt@15:19"", ""symbol/strong:usdt@15:19"", ""SHORT/strong:шорт@22:26"", ""entry/strong:(вход с текущих)@27:43"", ""MODIFY_ENTRY/weak:вход@28:32"", ""MODIFY_ENTRY/strong:вход с текущих@28:",ENAUSDT,SHORT,TWO_STEP,2,1:MARKET:PRIMARY@0.2368|2:LIMIT:AVERAGING@0.2493,0.2742,3,0.2093|0.1827|0.1475,,,,,,,COMPLETE
41,trader_a,SIGNAL,PARSED,2120,518,,"[trader#A]

#ENA 🐂 Лонг (вход с текущих)


Вход (2-фазный):
— Вход с текущих: 0.2436
— Усреднение: 0.2311


Стоп:
— SL: 0.2189 🛡


Тейки (среднесрок, 3 цели):
— TP1: 0.2684 🎯 (от A: +10.2%, от B: +16.1%)
— TP2: 0.3027 🎯 (от A: +24.3%, от B: +31.0%)
— TP3: 0.3479 🎯 (от A: +42.8%, от B: +50.5%)


Спот (цель по 1W-ТФ):
— Цель: 0.6437 💫 (от A: +164.2%)",1.0,non_signal_intents_dropped_in_signal_message,"{""suppressed_intents"": [""MODIFY_ENTRY:вход с текущих"", ""MODIFY_ENTRY:вход с текущих""], ""matched_markers"": [""LONG/strong:лонг@18:22"", ""entry/strong:(вход с текущих)@23:39"", ""MODIFY_ENTRY/weak:вход@24:28"", ""MODIFY_ENTRY/strong:вход с текущих@24:38"", ""MARKET/strong:вход с текущих@24:38"", ""MARKET_NOW/st",ENAUSDT,LONG,TWO_STEP,2,1:MARKET:PRIMARY@0.2436|2:LIMIT:AVERAGING@0.2311,0.2189,3,0.2684|0.3027|0.3479,,,,,,,COMPLETE
41,trader_a,SIGNAL,PARSED,2119,519,,"[trader#A]



#LDO 🐂 Лонг (вход с текущих)

2-фазный вход:
— Вход с текущих: 0.6243
— Усреднение: 0.5978

Стоп:
— SL: 0.5627 🛡

Тейки:
— TP1: 0.6819 🎯 (от A: +9.2%, от B: +14.0%)
— TP2: 0.7207 🎯 (от A: +15.4%, от B: +20.5%)
— TP3: 0.8259 🎯 (от A: +32.3%, от B: +38.2%)

Спот (1W цель):
— Цель: 0.9534 💫 (от A: +52.7%)",1.0,non_signal_intents_dropped_in_signal_message,"{""suppressed_intents"": [""MODIFY_ENTRY:вход с текущих"", ""MODIFY_ENTRY:вход с текущих""], ""matched_markers"": [""LONG/strong:лонг@18:22"", ""entry/strong:(вход с текущих)@23:39"", ""MODIFY_ENTRY/weak:вход@24:28"", ""MODIFY_ENTRY/strong:вход с текущих@24:38"", ""MARKET/strong:вход с текущих@24:38"", ""MARKET_NOW/st",LDOUSDT,LONG,TWO_STEP,2,1:MARKET:PRIMARY@0.6243|2:LIMIT:AVERAGING@0.5978,0.5627,3,0.6819|0.7207|0.8259,,,,,,,COMPLETE
41,trader_a,SIGNAL,PARSED,2118,520,,"[trader#A]

#POPCAT 🐂 Лонг (вход с текущих)

Входы:
— Вход с текущих: 0.09538
— Усреднение: 0.09142

Стоп:
— SL: 0.08157 🛡

Тейки:
— TP1: 0.10293 🎯 (от A: +7.9%, от B: +12.6%)
— TP2: 0.11837 🎯 (от A: +24.1%, от B: +29.5%)
— TP3: 0.13714 🎯 (от A: +43.7%, от B: +50.0%)

Спот:
— Цель: 0.17329 💫 (от A: +81.6%)",1.0,non_signal_intents_dropped_in_signal_message,"{""suppressed_intents"": [""MODIFY_ENTRY:вход с текущих"", ""MODIFY_ENTRY:вход"", ""MODIFY_ENTRY:вход с текущих""], ""matched_markers"": [""LONG/strong:лонг@21:25"", ""entry/strong:(вход с текущих)@26:42"", ""MODIFY_ENTRY/weak:вход@27:31"", ""MODIFY_ENTRY/strong:вход с текущих@27:41"", ""MARKET/strong:вход с текущих@2",POPCATUSDT,LONG,TWO_STEP,2,1:MARKET:PRIMARY@0.09538|2:LIMIT:AVERAGING@0.09142,0.08157,3,0.10293|0.11837|0.13714,,,,,,,COMPLETE
41,trader_a,SIGNAL,PARSED,2117,521,,"[trader#A]


#1000PEPEUSDT 🐂 Лонг (вход с текущих)

Вход:
— Вход с текущих: 0.004304
— Усреднение: 0.004058

Стоп:
— SL: 0.003784 🛡

Тейки:
— TP1: 0.004895 🎯 (от A: +13.7%, от B: +20.7%)
— TP2: 0.005603 🎯 (от A: +30.2%, от B: +38.3%)
— TP3: 0.006059 🎯 (от A: +40.7%, от B: +49.4%)

Спот (1W цель):
— Цель: 0.009803 💫 (от A: +128.0%)",1.0,non_signal_intents_dropped_in_signal_message,"{""suppressed_intents"": [""MODIFY_ENTRY:вход с текущих"", ""MODIFY_ENTRY:вход с текущих""], ""matched_markers"": [""symbol/strong:usdt@20:24"", ""symbol/strong:usdt@20:24"", ""LONG/strong:лонг@27:31"", ""entry/strong:(вход с текущих)@32:48"", ""MODIFY_ENTRY/weak:вход@33:37"", ""MODIFY_ENTRY/strong:вход с текущих@33:4",1000PEPEUSDT,LONG,TWO_STEP,2,1:MARKET:PRIMARY@0.004304|2:LIMIT:AVERAGING@0.004058,0.003784,3,0.004895|0.005603|0.006059,,,,,,,COMPLETE
41,trader_a,SIGNAL,PARSED,2114,527,,"[trader#A]

#BTCUSDT 🐂 Лонг (вход с текущих)

🎯 Вход (2-фазный):
— Вход с текущих: 83717.98
— Усреднение: 81526.73

🛡 Стоп (4H-формула):
— SL: 78574.55

🎯 Тейки (среднесрок, 3 цели):
— TP1: 87331.38 (+4.32%, 0.7R)
— TP2: 108528.83 (+29.64%, 4.8R)
— TP3: 111068.55 (+32.67%, 5.3R)",1.0,non_signal_intents_dropped_in_signal_message,"{""suppressed_intents"": [""TP_HIT:тейки"", ""TP_HIT:цели"", ""TP_HIT:tp1"", ""TP_HIT:tp2"", ""TP_HIT:tp3"", ""MODIFY_ENTRY:вход с текущих"", ""MODIFY_ENTRY:вход с текущих""], ""matched_markers"": [""symbol/strong:usdt@15:19"", ""symbol/strong:usdt@15:19"", ""LONG/strong:лонг@22:26"", ""entry/strong:(вход с текущих)@27:43"",",BTCUSDT,LONG,TWO_STEP,2,1:MARKET:PRIMARY@83717.98|2:LIMIT:AVERAGING@81526.73,78574.55,3,87331.38|108528.83|111068.55,,,,,,,COMPLETE
41,trader_a,SIGNAL,PARSED,2103,543,,"[trader#A]

#MYXUSDT 🐂 Лонг (вход с текущих)

Вход (2-фазный):
— Вход с текущих: 2.793
— Усреднение: 2.653

Стоп:
— SL: 2.539 🛡

Тейки (среднесрок, 3 цели):
— TP1: 3.033 🎯 (от A: +8.6%, от B: +14.3%)
— TP2: 3.287 🎯 (от A: +17.7%, от B: +23.9%)
— TP3: 3.673 🎯 (от A: +31.5%, от B: +38.4%)

Спот (цель по 1W-ТФ):
— Цель: 4.183 💫 (от A: +49.8%)",1.0,non_signal_intents_dropped_in_signal_message,"{""suppressed_intents"": [""MODIFY_ENTRY:вход с текущих"", ""MODIFY_ENTRY:вход с текущих""], ""matched_markers"": [""leverage/weak:x@14:15"", ""symbol/strong:usdt@15:19"", ""symbol/strong:usdt@15:19"", ""LONG/strong:лонг@22:26"", ""entry/strong:(вход с текущих)@27:43"", ""MODIFY_ENTRY/weak:вход@28:32"", ""MODIFY_ENTRY/s",MYXUSDT,LONG,TWO_STEP,2,1:MARKET:PRIMARY@2.793|2:LIMIT:AVERAGING@2.653,2.539,3,3.033|3.287|3.673,,,,,,,COMPLETE
41,trader_a,SIGNAL,PARSED,2101,549,,"[trader#A]

#ARBUSDT 🐻 Шорт (вход с текущих)

— Вход с текущих: 0.2027
— Усреднение: нет

— SL: 0.2122 🛡 (-4.7% от входа)

— TP1: 0.1773 🎯 (+12.5% от входа)
— TP2: 0.1612 🎯 (+20.5% от входа)
— TP3: 0.1364 🎯 (+32.7% от входа)",1.0,non_signal_intents_dropped_in_signal_message,"{""suppressed_intents"": [""MODIFY_ENTRY:вход с текущих"", ""MODIFY_ENTRY:вход с текущих""], ""matched_markers"": [""symbol/strong:usdt@15:19"", ""symbol/strong:usdt@15:19"", ""SHORT/strong:шорт@22:26"", ""entry/strong:(вход с текущих)@27:43"", ""MODIFY_ENTRY/weak:вход@28:32"", ""MODIFY_ENTRY/strong:вход с текущих@28:",ARBUSDT,SHORT,ONE_SHOT,1,1:MARKET:PRIMARY@0.2027,0.2122,3,0.1773|0.1612|0.1364,,,,,,,COMPLETE
41,trader_a,SIGNAL,PARSED,2100,550,444,"[trader#A]


этот сигнал закрылся в бу
модель выдала новый 

#FARTCOINUSDT 🐻 Шорт (вход с текущих)

— Вход с текущих: 0.2272
— Усреднение: 0.2463

Стоп:
— SL: 0.2643 🛡

Тейки (среднесрок):
— TP1: 0.1943 🎯 (+14.5% от входа)
— TP2: 0.1711 🎯 (+24.7% от входа)
— TP3: 0.1437 🎯 (+36.8% от входа)",1.0,non_signal_intents_dropped_in_signal_message,"{""suppressed_intents"": [""MODIFY_ENTRY:вход с текущих"", ""MODIFY_ENTRY:вход с текущих""], ""matched_markers"": [""CLOSE_FULL/weak:закрылся@23:31"", ""EXIT_BE/strong:закрылся в бу@23:36"", ""MOVE_STOP_TO_BE/weak:в бу@32:36"", ""EXIT_BE/weak:бу@34:36"", ""symbol/strong:usdt@66:70"", ""symbol/strong:usdt@66:70"", ""SHOR",FARTCOINUSDT,SHORT,TWO_STEP,2,1:MARKET:PRIMARY@0.2272|2:LIMIT:AVERAGING@0.2463,0.2643,3,0.1943|0.1711|0.1437,,,,,,,COMPLETE
41,trader_a,SIGNAL,PARSED,2089,569,,"[trader#A]

#XRPUSDT 🐂 Лонг (вход с текущих)

— Вход с текущих: 2.1943
— Усреднение: 2.0947

— SL: 1.8643 🛡

— TP1: 2.4583 🎯 (от A: +12.0%, от B: +17.4%)
— TP2: 2.6893 🎯 (от A: +22.6%, от B: +28.4%)
— TP3: 2.9203 🎯 (от A: +33.1%, от B: +39.4%)

— Цель по споту: 3.1447 💫 (от A: +43.3%)

— Вход не более 1-2% от депозита",1.0,non_signal_intents_dropped_in_signal_message,"{""suppressed_intents"": [""MODIFY_ENTRY:вход с текущих"", ""MODIFY_ENTRY:вход с текущих""], ""matched_markers"": [""leverage/weak:x@12:13"", ""symbol/strong:usdt@15:19"", ""symbol/strong:usdt@15:19"", ""LONG/strong:лонг@22:26"", ""entry/strong:(вход с текущих)@27:43"", ""MODIFY_ENTRY/weak:вход@28:32"", ""MODIFY_ENTRY/s",XRPUSDT,LONG,TWO_STEP,2,1:MARKET:PRIMARY@2.1943|2:LIMIT:AVERAGING@2.0947,1.8643,3,2.4583|2.6893|2.9203,Вход не более 1-2%,,1.0,2.0,,,COMPLETE
41,trader_a,SIGNAL,PARSED,2088,570,,"[trader#A]

#ATOMUSDT 🐂 Лонг (вход с текущих)

— Вход с текущих: 2.503
— Усреднение: 2.441

— SL: 2.387 🛡

— TP1: 2.689 🎯 (от A: +7.4%, от B: +10.2%)
— TP2: 2.934 🎯 (от A: +17.2%, от B: +20.2%)
— TP3: 3.147 🎯 (от A: +25.7%, от B: +28.9%)

— Цель: 3.781 💫 (от A: +51.1%)

Вход не более 1–2% от депозита.

Важно! По этим сигналам стоп поставить в безубыток:
1. https://t.me/c/3171748254/520
2. https://t.me/c/3171748254/519
3. https://t.me/c/3171748254/518
4. https://t.me/c/3171748254/521",1.0,non_signal_intents_dropped_in_signal_message,"{""suppressed_intents"": [""MODIFY_ENTRY:вход с текущих"", ""MODIFY_ENTRY:вход с текущих""], ""matched_markers"": [""symbol/strong:usdt@16:20"", ""symbol/strong:usdt@16:20"", ""LONG/strong:лонг@23:27"", ""entry/strong:(вход с текущих)@28:44"", ""MODIFY_ENTRY/weak:вход@29:33"", ""MODIFY_ENTRY/strong:вход с текущих@29:4",ATOMUSDT,LONG,TWO_STEP,2,1:MARKET:PRIMARY@2.503|2:LIMIT:AVERAGING@2.441,2.387,3,2.689|2.934|3.147,Вход не более 1–2%,,1.0,2.0,,,COMPLETE
41,trader_a,SIGNAL,PARSED,2083,575,,"[trader#A]


#LINKUSDT 🐂 Лонг (вход с текущих)

🎯 Вход (2-фазный):
— Вход с текущих: 13.13
— Усреднение: 12.51

🛡 Стоп (4H-формула):
— SL: 11.89

🎯 Тейки (среднесрок, 3 цели):
— TP1: 16.85 (+28.37%, 3.0R)
— TP2: 20.04 (+52.69%, 5.6R)
— TP3: 20.62 (+57.10%, 6.1R)

Вход не более 1–2% от депозита.",1.0,non_signal_intents_dropped_in_signal_message,"{""suppressed_intents"": [""TP_HIT:тейки"", ""TP_HIT:цели"", ""TP_HIT:tp1"", ""TP_HIT:tp2"", ""TP_HIT:tp3"", ""MODIFY_ENTRY:вход с текущих"", ""MODIFY_ENTRY:вход с текущих""], ""matched_markers"": [""symbol/strong:usdt@16:20"", ""symbol/strong:usdt@16:20"", ""LONG/strong:лонг@23:27"", ""entry/strong:(вход с текущих)@28:44"",",LINKUSDT,LONG,TWO_STEP,2,1:MARKET:PRIMARY@13.13|2:LIMIT:AVERAGING@12.51,11.89,3,16.85|20.04|20.62,Вход не более 1–2%,,1.0,2.0,,,COMPLETE
41,trader_a,SIGNAL,PARSED,2080,578,527,"[trader#A]

У кого  нет битка, ниже свежий сигнал

Кто держит сделку с выходных, можно обновить тейки

#BTCUSDT 🐂 Лонг (вход с текущих)

🎯 Вход (2-фазный):
— Вход с текущих: 88574.00
— Усреднение: 85869.00

🛡 Стоп (4H-формула):
— SL: 84078.82

🎯 Тейки (среднесрок, 3 цели):
— TP1: 103387.64 (+16.72%, 3.3R)
— TP2: 115528.05 (+30.43%, 6.0R)
— TP3: 116319.45 (+31.32%, 6.2R)

Вход не более 1–2% от депозита.",1.0,non_signal_intents_dropped_in_signal_message,"{""suppressed_intents"": [""TP_HIT:тейки"", ""TP_HIT:цели"", ""TP_HIT:tp1"", ""TP_HIT:tp2"", ""TP_HIT:tp3"", ""MODIFY_ENTRY:вход с текущих"", ""MODIFY_ENTRY:вход с текущих""], ""matched_markers"": [""MODIFY_TARGETS/strong:можно обновить тейки@78:98"", ""TP_HIT/weak:тейки@93:98"", ""symbol/strong:usdt@103:107"", ""symbol/str",BTCUSDT,LONG,TWO_STEP,2,1:MARKET:PRIMARY@88574.0|2:LIMIT:AVERAGING@85869.0,84078.82,3,103387.64|115528.05|116319.45,Вход не более 1–2%,,1.0,2.0,,,COMPLETE
41,trader_a,SIGNAL,PARSED,2079,579,,"[trader#A]

#SEIUSDT.P 🐂 Лонг (вход с текущих)

🎯 Вход (2-фазный):
— Вход с текущих: 0.14
— Усреднение: 0.13

🛡 Стоп (4H-формула):
— SL: 0.13

🎯 Тейки (среднесрок, 3 цели):
— TP1: 0.18 (+27.05%, 2.9R)
— TP2: 0.21 (+50.24%, 5.3R)
— TP3: 0.22 (+54.96%, 5.8R)

Вход не более 1–2% от депозита.",1.0,non_signal_intents_dropped_in_signal_message,"{""suppressed_intents"": [""TP_HIT:тейки"", ""TP_HIT:цели"", ""TP_HIT:tp1"", ""TP_HIT:tp2"", ""TP_HIT:tp3"", ""MODIFY_ENTRY:вход с текущих"", ""MODIFY_ENTRY:вход с текущих""], ""matched_markers"": [""symbol/strong:usdt@15:19"", ""symbol/strong:usdt@15:19"", ""symbol/weak:.p@19:21"", ""symbol/strong:.p@19:21"", ""LONG/strong:л",SEIUSDT,LONG,TWO_STEP,2,1:MARKET:PRIMARY@0.14|2:LIMIT:AVERAGING@0.13,0.13,3,0.18|0.21|0.22,Вход не более 1–2%,,1.0,2.0,,,COMPLETE
41,trader_a,SIGNAL,PARSED,2069,611,,"[trader#A]

#ETHUSDT 🐻 Шорт (вход с текущих)

— Вход с текущих: 2 923.70
— Усреднение: 3 047.30

— SL: 3 118.90 🛡

— TP1: 2 751.30 🎯 (от A: +5.9%, от B: +9.7%)
— TP2: 2 627.90 🎯 (от A: +10.1%, от B: +13.8%)
— TP3: 2 253.70 🎯 (от A: +22.9%, от B: +26.0%)

Вход не более 1–2% от депозита",1.0,non_signal_intents_dropped_in_signal_message,"{""suppressed_intents"": [""MODIFY_ENTRY:вход с текущих"", ""MODIFY_ENTRY:вход с текущих""], ""matched_markers"": [""symbol/strong:usdt@15:19"", ""symbol/strong:usdt@15:19"", ""SHORT/strong:шорт@22:26"", ""entry/strong:(вход с текущих)@27:43"", ""MODIFY_ENTRY/weak:вход@28:32"", ""MODIFY_ENTRY/strong:вход с текущих@28:",ETHUSDT,SHORT,TWO_STEP,2,1:MARKET:PRIMARY@2923.7|2:LIMIT:AVERAGING@3047.3,3118.9,3,2751.3|2627.9|2253.7,Вход не более 1–2%,,1.0,2.0,,,COMPLETE
41,trader_a,SIGNAL,PARSED,2067,613,,"[trader#A]

#DOGEUSDT 🐻 Шорт (вход с текущих)

— Вход с текущих: 0,1491
— Усреднение: 0,1557

— SL: 0,1629 🛡

🎯 Тейки (среднесрок, 3 цели):
— TP1: 0,1389 🎯 (от A: +6,8%, от B: +10,8%)
— TP2: 0,1297 🎯 (от A: +13,0%, от B: +16,7%)
— TP3: 0,1213 🎯 (от A: +18,6%, от B: +22,1%)

Вход не более 1–2% от депозита.",1.0,non_signal_intents_dropped_in_signal_message,"{""suppressed_intents"": [""MODIFY_ENTRY:вход с текущих"", ""MODIFY_ENTRY:вход с текущих""], ""matched_markers"": [""symbol/strong:usdt@16:20"", ""symbol/strong:usdt@16:20"", ""SHORT/strong:шорт@23:27"", ""entry/strong:(вход с текущих)@28:44"", ""MODIFY_ENTRY/weak:вход@29:33"", ""MODIFY_ENTRY/strong:вход с текущих@29:",DOGEUSDT,SHORT,TWO_STEP,2,1:MARKET:PRIMARY@0.1491|2:LIMIT:AVERAGING@0.1557,0.1629,3,0.1389|0.1297|0.1213,Вход не более 1–2%,,1.0,2.0,,,COMPLETE
41,trader_a,SIGNAL,PARSED,2066,614,,"[trader#A]

#FARTCOINUSDT 🐻 Шорт (вход с текущих)

— Вход с текущих: 0.2987
— Усреднение: 0.3275

Стоп:
— SL: 0.3423 🛡

Тейки (среднесрок, 3 цели):
— TP1: 0.2531 🎯 (от A: +15.3%, от B: +22.7%)
— TP2: 0.2093 🎯 (от A: +29.9%, от B: +36.1%)
— TP3: 0.1817 🎯 (от A: +39.2%, от B: +44.5%)

Вход не более 1–2% от депозита.",1.0,non_signal_intents_dropped_in_signal_message,"{""suppressed_intents"": [""MODIFY_ENTRY:вход с текущих"", ""MODIFY_ENTRY:вход с текущих""], ""matched_markers"": [""symbol/strong:usdt@20:24"", ""symbol/strong:usdt@20:24"", ""SHORT/strong:шорт@27:31"", ""entry/strong:(вход с текущих)@32:48"", ""MODIFY_ENTRY/weak:вход@33:37"", ""MODIFY_ENTRY/strong:вход с текущих@33:",FARTCOINUSDT,SHORT,TWO_STEP,2,1:MARKET:PRIMARY@0.2987|2:LIMIT:AVERAGING@0.3275,0.3423,3,0.2531|0.2093|0.1817,Вход не более 1–2%,,1.0,2.0,,,COMPLETE
41,trader_a,SIGNAL,PARSED,2035,672,,"[trader#A]

#ZENUSDT 🐻 Шорт (ML+TA)

— Вход: 10.8990
— Усреднение: нет

— SL: 11.2086 🛡 (~2.8% риска)

🎯 Тейки:
— TP1: 10.4345 (~+4.3%, ≈1.5R)
— TP2: 9.9701 (~+8.5%, ≈3.0R)
— TP3: 9.5056 (~+12.8%, ≈4.5R)",1.0,non_signal_intents_dropped_in_signal_message,"{""suppressed_intents"": [], ""matched_markers"": [""symbol/strong:usdt@15:19"", ""symbol/strong:usdt@15:19"", ""SHORT/strong:шорт@22:26"", ""MODIFY_ENTRY/weak:вход@37:41"", ""entry/strong:вход:@37:42"", ""ADD_ENTRY/weak:усреднение@53:63"", ""ENTRY_FILLED/weak:усреднение@53:63"", ""entry/weak:усреднение@53:63"", ""AVERA",ZENUSDT,SHORT,ONE_SHOT,1,1:LIMIT:PRIMARY@10.899,11.2086,3,10.4345|9.9701|9.5056,,,,,,,COMPLETE
41,trader_a,SIGNAL,PARSED,2034,673,,"[trader#A]

#ARUSDT 🐻 Шорт (ML+TA)

— Вход: 4.1300
— Усреднение: нет

— SL: 4.2414 🛡 (~2.7% риска)

🎯 Тейки:
— TP1: 3.9629 (~+4.0%, ≈1.5R)
— TP2: 3.7957 (~+8.1%, ≈3.0R)
— TP3: 3.6286 (~+12.1%, ≈4.5R)",1.0,non_signal_intents_dropped_in_signal_message,"{""suppressed_intents"": [], ""matched_markers"": [""symbol/strong:usdt@14:18"", ""symbol/strong:usdt@14:18"", ""SHORT/strong:шорт@21:25"", ""MODIFY_ENTRY/weak:вход@36:40"", ""entry/strong:вход:@36:41"", ""ADD_ENTRY/weak:усреднение@51:61"", ""ENTRY_FILLED/weak:усреднение@51:61"", ""entry/weak:усреднение@51:61"", ""AVERA",ARUSDT,SHORT,ONE_SHOT,1,1:LIMIT:PRIMARY@4.13,4.2414,3,3.9629|3.7957|3.6286,,,,,,,COMPLETE
41,trader_a,SIGNAL,PARSED,2033,674,,"[trader#A]

#CAKEUSDT 🐻 Шорт (ML+TA)

— Вход: 2.3510
— Усреднение: нет

— SL: 2.3830 🛡 (~1.4% риска)

🎯 Тейки:
— TP1: 2.3030 (~+2.0%, ≈1.5R)
— TP2: 2.2550 (~+4.1%, ≈3.0R)
— TP3: 2.2070 (~+6.1%, ≈4.5R)",1.0,non_signal_intents_dropped_in_signal_message,"{""suppressed_intents"": [], ""matched_markers"": [""symbol/strong:usdt@16:20"", ""symbol/strong:usdt@16:20"", ""SHORT/strong:шорт@23:27"", ""MODIFY_ENTRY/weak:вход@38:42"", ""entry/strong:вход:@38:43"", ""ADD_ENTRY/weak:усреднение@53:63"", ""ENTRY_FILLED/weak:усреднение@53:63"", ""entry/weak:усреднение@53:63"", ""AVERA",CAKEUSDT,SHORT,ONE_SHOT,1,1:LIMIT:PRIMARY@2.351,2.383,3,2.303|2.255|2.207,,,,,,,COMPLETE
41,trader_a,SIGNAL,PARSED,2032,675,,"[trader#A]


#ARKMUSDT 🐻 Шорт (ML+TA)

— Вход: 0.2440
— Усреднение: нет

— SL: 0.2506 🛡 (~2.7% риска)

🎯 Тейки:
— TP1: 0.2340 (~+4.1%, ≈1.5R)
— TP2: 0.2241 (~+8.2%, ≈3.0R)
— TP3: 0.2141 (~+12.3%, ≈4.5R)",1.0,non_signal_intents_dropped_in_signal_message,"{""suppressed_intents"": [], ""matched_markers"": [""symbol/strong:usdt@16:20"", ""symbol/strong:usdt@16:20"", ""SHORT/strong:шорт@23:27"", ""MODIFY_ENTRY/weak:вход@38:42"", ""entry/strong:вход:@38:43"", ""ADD_ENTRY/weak:усреднение@53:63"", ""ENTRY_FILLED/weak:усреднение@53:63"", ""entry/weak:усреднение@53:63"", ""AVERA",ARKMUSDT,SHORT,ONE_SHOT,1,1:LIMIT:PRIMARY@0.244,0.2506,3,0.234|0.2241|0.2141,,,,,,,COMPLETE
41,trader_a,SIGNAL,PARSED,2030,677,,"[trader#A]

#VETUSDT 🐻 Шорт (ML+TA)

— Вход: 0.0135
— Усреднение: нет

— SL: 0.0137 🛡 (~1.8% риска)

🎯 Тейки:
— TP1: 0.0131 (~+2.6%, ≈1.5R)
— TP2: 0.0128 (~+5.3%, ≈3.0R)
— TP3: 0.0124 (~+7.9%, ≈4.5R)",1.0,non_signal_intents_dropped_in_signal_message,"{""suppressed_intents"": [], ""matched_markers"": [""symbol/strong:usdt@15:19"", ""symbol/strong:usdt@15:19"", ""SHORT/strong:шорт@22:26"", ""MODIFY_ENTRY/weak:вход@37:41"", ""entry/strong:вход:@37:42"", ""ADD_ENTRY/weak:усреднение@52:62"", ""ENTRY_FILLED/weak:усреднение@52:62"", ""entry/weak:усреднение@52:62"", ""AVERA",VETUSDT,SHORT,ONE_SHOT,1,1:LIMIT:PRIMARY@0.0135,0.0137,3,0.0131|0.0128|0.0124,,,,,,,COMPLETE
41,trader_a,SIGNAL,PARSED,2026,686,,"[trader#A]

🎈MLNUSDT 

Вход (spot): 5.83000000
Стоп:       5.22821429  (−10.3%)

🎯 Тейки:
— TP1: 7.28750000  (+25.0%, ~2.4R)
— TP2: 8.74500000  (+50.0%, ~4.8R)
— TP3: 11.66000000  (+100.0%, ~9.7R)

Экспериментальная сделка. Вход не более 0.3% от депозита. 

Исключительно спот",1.0,non_signal_intents_dropped_in_signal_message,"{""suppressed_intents"": [], ""matched_markers"": [""symbol/strong:usdt@15:19"", ""symbol/strong:usdt@15:19"", ""MODIFY_ENTRY/weak:вход@20:24"", ""SL_HIT/weak:стоп@44:48"", ""stop_loss/strong:стоп:@44:49"", ""TP_HIT/weak:тейки@72:77"", ""TP_HIT/weak:tp1@81:84"", ""take_profit/strong:tp1:@81:85"", ""TP_HIT/weak:tp2@115:1",MLNUSDT,LONG,ONE_SHOT,1,1:LIMIT:PRIMARY@5.83,5.22821429,3,7.2875|8.745|11.66,Вход не более 0.3%,0.3,,,,,COMPLETE
41,trader_a,SIGNAL,PARSED,2013,704,,"[trader#A]

#BTCUSDT 🐻 Шорт (ML+TA)

— Вход: 85912.8300
— Усреднение: нет

— SL: 86865.2871 🛡 (~1.1% риска)

🎯 Тейки:
— TP1: 84484.1443 (~+1.7%, ≈1.5R)
— TP2: 83055.4586 (~+3.3%, ≈3.0R)
— TP3: 81626.7729 (~+5.0%, ≈4.5R)

#intraday",1.0,non_signal_intents_dropped_in_signal_message,"{""suppressed_intents"": [], ""matched_markers"": [""symbol/strong:usdt@15:19"", ""symbol/strong:usdt@15:19"", ""SHORT/strong:шорт@22:26"", ""MODIFY_ENTRY/weak:вход@37:41"", ""entry/strong:вход:@37:42"", ""ADD_ENTRY/weak:усреднение@56:66"", ""ENTRY_FILLED/weak:усреднение@56:66"", ""entry/weak:усреднение@56:66"", ""AVERA",BTCUSDT,SHORT,ONE_SHOT,1,1:LIMIT:PRIMARY@85912.83,86865.2871,3,84484.1443|83055.4586|81626.7729,,,,,,,COMPLETE
41,trader_a,SIGNAL,PARSED,2012,705,,"[trader#A]

#ETHUSDT 🐻 Шорт (ML+TA)

— Вход: 2814.4700
— Усреднение: нет

— SL: 2858.7007 🛡 (~1.6% риска)

🎯 Тейки:
— TP1: 2748.1239 (~+2.4%, ≈1.5R)
— TP2: 2681.7779 (~+4.7%, ≈3.0R)
— TP3: 2615.4318 (~+7.1%, ≈4.5R)

#intraday",1.0,non_signal_intents_dropped_in_signal_message,"{""suppressed_intents"": [], ""matched_markers"": [""symbol/strong:usdt@15:19"", ""symbol/strong:usdt@15:19"", ""SHORT/strong:шорт@22:26"", ""MODIFY_ENTRY/weak:вход@37:41"", ""entry/strong:вход:@37:42"", ""ADD_ENTRY/weak:усреднение@55:65"", ""ENTRY_FILLED/weak:усреднение@55:65"", ""entry/weak:усреднение@55:65"", ""AVERA",ETHUSDT,SHORT,ONE_SHOT,1,1:LIMIT:PRIMARY@2814.47,2858.7007,3,2748.1239|2681.7779|2615.4318,,,,,,,COMPLETE
41,trader_a,SIGNAL,PARSED,2011,706,,"[trader#A]

#XRPUSDT 🐻 Шорт (ML+TA)

— Вход: 2.0361
— Усреднение: нет

— SL: 2.0702 🛡 (~1.7% риска)

🎯 Тейки:
— TP1: 1.9849 (~+2.5%, ≈1.5R)
— TP2: 1.9337 (~+5.0%, ≈3.0R)
— TP3: 1.8825 (~+7.5%, ≈4.5R)

#intraday",1.0,non_signal_intents_dropped_in_signal_message,"{""suppressed_intents"": [], ""matched_markers"": [""leverage/weak:x@12:13"", ""symbol/strong:usdt@15:19"", ""symbol/strong:usdt@15:19"", ""SHORT/strong:шорт@22:26"", ""MODIFY_ENTRY/weak:вход@37:41"", ""entry/strong:вход:@37:42"", ""ADD_ENTRY/weak:усреднение@52:62"", ""ENTRY_FILLED/weak:усреднение@52:62"", ""entry/weak:",XRPUSDT,SHORT,ONE_SHOT,1,1:LIMIT:PRIMARY@2.0361,2.0702,3,1.9849|1.9337|1.8825,,,,,,,COMPLETE
41,trader_a,SIGNAL,PARSED,2010,707,,"[trader#A]

#DOGEUSDT 🐻 Шорт (ML+TA)

— Вход: 0.1374
— Усреднение: нет

— SL: 0.1397 🛡 (~1.7% риска)

🎯 Тейки:
— TP1: 0.1339 (~+2.5%, ≈1.5R)
— TP2: 0.1305 (~+5.0%, ≈3.0R)
— TP3: 0.1270 (~+7.5%, ≈4.5R)

#intraday",1.0,non_signal_intents_dropped_in_signal_message,"{""suppressed_intents"": [], ""matched_markers"": [""symbol/strong:usdt@16:20"", ""symbol/strong:usdt@16:20"", ""SHORT/strong:шорт@23:27"", ""MODIFY_ENTRY/weak:вход@38:42"", ""entry/strong:вход:@38:43"", ""ADD_ENTRY/weak:усреднение@53:63"", ""ENTRY_FILLED/weak:усреднение@53:63"", ""entry/weak:усреднение@53:63"", ""AVERA",DOGEUSDT,SHORT,ONE_SHOT,1,1:LIMIT:PRIMARY@0.1374,0.1397,3,0.1339|0.1305|0.127,,,,,,,COMPLETE
41,trader_a,SIGNAL,PARSED,1978,750,,"[trader#A]

#ENAUSDT 🐂 Лонг (ML+TA)

— Вход: 0.2373
— Усреднение: нет

— SL: 0.2279 🛡 (~4.0% риска)

🎯 Тейки:
— TP1: 0.2514 (~+6.0%, ≈1.5R)
— TP2: 0.2656 (~+11.9%, ≈3.0R)
— TP3: 0.2797 (~+17.9%, ≈4.5R)

#intraday",1.0,non_signal_intents_dropped_in_signal_message,"{""suppressed_intents"": [], ""matched_markers"": [""symbol/strong:usdt@15:19"", ""symbol/strong:usdt@15:19"", ""LONG/strong:лонг@22:26"", ""MODIFY_ENTRY/weak:вход@37:41"", ""entry/strong:вход:@37:42"", ""ADD_ENTRY/weak:усреднение@52:62"", ""ENTRY_FILLED/weak:усреднение@52:62"", ""entry/weak:усреднение@52:62"", ""AVERAG",ENAUSDT,LONG,ONE_SHOT,1,1:LIMIT:PRIMARY@0.2373,0.2279,3,0.2514|0.2656|0.2797,,,,,,,COMPLETE
41,trader_a,SIGNAL,PARSED,1977,751,,"[trader#A]

#DASHUSDT 🐂 Лонг (ML+TA)

— Вход: 46.9800
— Усреднение: нет

— SL: 45.0507 🛡 (~4.1% риска)

🎯 Тейки:
— TP1: 49.8739 (~+6.2%, ≈1.5R)
— TP2: 52.7679 (~+12.3%, ≈3.0R)
— TP3: 55.6618 (~+18.5%, ≈4.5R)


#intraday",1.0,non_signal_intents_dropped_in_signal_message,"{""suppressed_intents"": [], ""matched_markers"": [""symbol/strong:usdt@16:20"", ""symbol/strong:usdt@16:20"", ""LONG/strong:лонг@23:27"", ""MODIFY_ENTRY/weak:вход@38:42"", ""entry/strong:вход:@38:43"", ""ADD_ENTRY/weak:усреднение@54:64"", ""ENTRY_FILLED/weak:усреднение@54:64"", ""entry/weak:усреднение@54:64"", ""AVERAG",DASHUSDT,LONG,ONE_SHOT,1,1:LIMIT:PRIMARY@46.98,45.0507,3,49.8739|52.7679|55.6618,,,,,,,COMPLETE
41,trader_a,SIGNAL,PARSED,1964,765,,"[trader#A]

#ADAUSDT 🐂 Лонг (ML+TA)

— Вход: 0.4284
— Усреднение: нет

— SL: 0.4161 🛡 (~2.9% риска)

🎯 Тейки:
— TP1: 0.4468 (~+4.3%, ≈1.5R)
— TP2: 0.4652 (~+8.6%, ≈3.0R)
— TP3: 0.4836 (~+12.9%, ≈4.5R)

#intraday",1.0,non_signal_intents_dropped_in_signal_message,"{""suppressed_intents"": [], ""matched_markers"": [""symbol/strong:usdt@15:19"", ""symbol/strong:usdt@15:19"", ""LONG/strong:лонг@22:26"", ""MODIFY_ENTRY/weak:вход@37:41"", ""entry/strong:вход:@37:42"", ""ADD_ENTRY/weak:усреднение@52:62"", ""ENTRY_FILLED/weak:усреднение@52:62"", ""entry/weak:усреднение@52:62"", ""AVERAG",ADAUSDT,LONG,ONE_SHOT,1,1:LIMIT:PRIMARY@0.4284,0.4161,3,0.4468|0.4652|0.4836,,,,,,,COMPLETE
41,trader_a,SIGNAL,PARSED,1963,766,,"[trader#A]

#ICPUSDT 🐂 Лонг (ML+TA)

— Вход: 3.8730
— Усреднение: нет

— SL: 3.7369 🛡 (~3.5% риска)

🎯 Тейки:
— TP1: 4.0771 (~+5.3%, ≈1.5R)
— TP2: 4.2812 (~+10.5%, ≈3.0R)
— TP3: 4.4853 (~+15.8%, ≈4.5R)

#intraday",1.0,non_signal_intents_dropped_in_signal_message,"{""suppressed_intents"": [], ""matched_markers"": [""symbol/strong:usdt@15:19"", ""symbol/strong:usdt@15:19"", ""LONG/strong:лонг@22:26"", ""MODIFY_ENTRY/weak:вход@37:41"", ""entry/strong:вход:@37:42"", ""ADD_ENTRY/weak:усреднение@52:62"", ""ENTRY_FILLED/weak:усреднение@52:62"", ""entry/weak:усреднение@52:62"", ""AVERAG",ICPUSDT,LONG,ONE_SHOT,1,1:LIMIT:PRIMARY@3.873,3.7369,3,4.0771|4.2812|4.4853,,,,,,,COMPLETE
41,trader_a,SIGNAL,PARSED,1962,767,,"[trader#A]

#ARBUSDT 🐂 Лонг (ML+TA)

— Вход: 0.2152
— Усреднение: нет

— SL: 0.2079 🛡 (~3.4% риска)

🎯 Тейки:
— TP1: 0.2261 (~+5.1%, ≈1.5R)
— TP2: 0.2370 (~+10.1%, ≈3.0R)
— TP3: 0.2480 (~+15.2%, ≈4.5R)

#intraday",1.0,non_signal_intents_dropped_in_signal_message,"{""suppressed_intents"": [], ""matched_markers"": [""symbol/strong:usdt@15:19"", ""symbol/strong:usdt@15:19"", ""LONG/strong:лонг@22:26"", ""MODIFY_ENTRY/weak:вход@37:41"", ""entry/strong:вход:@37:42"", ""ADD_ENTRY/weak:усреднение@52:62"", ""ENTRY_FILLED/weak:усреднение@52:62"", ""entry/weak:усреднение@52:62"", ""AVERAG",ARBUSDT,LONG,ONE_SHOT,1,1:LIMIT:PRIMARY@0.2152,0.2079,3,0.2261|0.237|0.248,,,,,,,COMPLETE
41,trader_a,SIGNAL,PARSED,1961,768,,"[trader#A]

#SEIUSDT 🐂 Лонг (ML+TA)

— Вход: 0.1393
— Усреднение: нет

— SL: 0.1343 🛡 (~3.6% риска)

🎯 Тейки:
— TP1: 0.1468 (~+5.4%, ≈1.5R)
— TP2: 0.1542 (~+10.7%, ≈3.0R)
— TP3: 0.1617 (~+16.1%, ≈4.5R)


#intraday",1.0,non_signal_intents_dropped_in_signal_message,"{""suppressed_intents"": [], ""matched_markers"": [""symbol/strong:usdt@15:19"", ""symbol/strong:usdt@15:19"", ""LONG/strong:лонг@22:26"", ""MODIFY_ENTRY/weak:вход@37:41"", ""entry/strong:вход:@37:42"", ""ADD_ENTRY/weak:усреднение@52:62"", ""ENTRY_FILLED/weak:усреднение@52:62"", ""entry/weak:усреднение@52:62"", ""AVERAG",SEIUSDT,LONG,ONE_SHOT,1,1:LIMIT:PRIMARY@0.1393,0.1343,3,0.1468|0.1542|0.1617,,,,,,,COMPLETE
41,trader_a,SIGNAL,PARSED,1960,769,,"[trader#A]

#RAYUSDT 🐂 Лонг (ML+TA)

— Вход: 1.1440
— Усреднение: нет

— SL: 1.1062 🛡 (~3.3% риска)

🎯 Тейки:
— TP1: 1.2007 (~+5.0%, ≈1.5R)
— TP2: 1.2574 (~+9.9%, ≈3.0R)
— TP3: 1.3140 (~+14.9%, ≈4.5R)


#intraday",1.0,non_signal_intents_dropped_in_signal_message,"{""suppressed_intents"": [], ""matched_markers"": [""symbol/strong:usdt@15:19"", ""symbol/strong:usdt@15:19"", ""LONG/strong:лонг@22:26"", ""MODIFY_ENTRY/weak:вход@37:41"", ""entry/strong:вход:@37:42"", ""ADD_ENTRY/weak:усреднение@52:62"", ""ENTRY_FILLED/weak:усреднение@52:62"", ""entry/weak:усреднение@52:62"", ""AVERAG",RAYUSDT,LONG,ONE_SHOT,1,1:LIMIT:PRIMARY@1.144,1.1062,3,1.2007|1.2574|1.314,,,,,,,COMPLETE
41,trader_a,SIGNAL,PARSED,1959,770,,"[trader#A]

#ATOMUSDT 🐂 Лонг (ML+TA)

— Вход: 2.3890
— Усреднение: нет

— SL: 2.3259 🛡 (~2.6% риска)

🎯 Тейки:
— TP1: 2.4837 (~+4.0%, ≈1.5R)
— TP2: 2.5784 (~+7.9%, ≈3.0R)
— TP3: 2.6731 (~+11.9%, ≈4.5R)

#intraday",1.0,non_signal_intents_dropped_in_signal_message,"{""suppressed_intents"": [], ""matched_markers"": [""symbol/strong:usdt@16:20"", ""symbol/strong:usdt@16:20"", ""LONG/strong:лонг@23:27"", ""MODIFY_ENTRY/weak:вход@38:42"", ""entry/strong:вход:@38:43"", ""ADD_ENTRY/weak:усреднение@53:63"", ""ENTRY_FILLED/weak:усреднение@53:63"", ""entry/weak:усреднение@53:63"", ""AVERAG",ATOMUSDT,LONG,ONE_SHOT,1,1:LIMIT:PRIMARY@2.389,2.3259,3,2.4837|2.5784|2.6731,,,,,,,COMPLETE
41,trader_a,SIGNAL,PARSED,1948,787,,"[trader#A]

#SOLUSDT 🐂 Лонг (ML+TA)

— Вход: 141.9500
— Усреднение: нет

— SL: 138.2743 🛡 (~2.6% риска)

🎯 Тейки:
— TP1: 147.4636 (~+3.9%, ≈1.5R)
— TP2: 152.9771 (~+7.8%, ≈3.0R)
— TP3: 158.4907 (~+11.7%, ≈4.5R)

#intraday",1.0,non_signal_intents_dropped_in_signal_message,"{""suppressed_intents"": [], ""matched_markers"": [""symbol/strong:usdt@15:19"", ""symbol/strong:usdt@15:19"", ""LONG/strong:лонг@22:26"", ""MODIFY_ENTRY/weak:вход@37:41"", ""entry/strong:вход:@37:42"", ""ADD_ENTRY/weak:усреднение@54:64"", ""ENTRY_FILLED/weak:усреднение@54:64"", ""entry/weak:усреднение@54:64"", ""AVERAG",SOLUSDT,LONG,ONE_SHOT,1,1:LIMIT:PRIMARY@141.95,138.2743,3,147.4636|152.9771|158.4907,,,,,,,COMPLETE
41,trader_a,SIGNAL,PARSED,1943,795,,"[trader#A]

#DOGEUSDT 🐻 Шорт (вход с текущих)

Вход (2-фазный):
— Вход с текущих: 0,1493
— Усреднение: 0,1577

Стоп:
— SL: 0,1656 🛡

Тейки (среднесрок, 3 цели):
— TP1: 0,1373 🎯 (от A: +8,0%, от B: +12,9%)
— TP2: 0,1259 🎯 (от A: +15,7%, от B: +20,2%)
— TP3: 0,1073 🎯 (от A: +28,1%, от B: +32,0%)

Спот (цель по 1W-ТФ):
— —

Вход не более 1-2% от депозита

#среднесрок",1.0,non_signal_intents_dropped_in_signal_message,"{""suppressed_intents"": [""MODIFY_ENTRY:вход с текущих"", ""MODIFY_ENTRY:вход с текущих""], ""matched_markers"": [""symbol/strong:usdt@16:20"", ""symbol/strong:usdt@16:20"", ""SHORT/strong:шорт@23:27"", ""entry/strong:(вход с текущих)@28:44"", ""MODIFY_ENTRY/weak:вход@29:33"", ""MODIFY_ENTRY/strong:вход с текущих@29:",DOGEUSDT,SHORT,TWO_STEP,2,1:MARKET:PRIMARY@0.1493|2:LIMIT:AVERAGING@0.1577,0.1656,3,0.1373|0.1259|0.1073,Вход не более 1-2%,,1.0,2.0,,,COMPLETE
41,trader_a,SIGNAL,PARSED,1936,805,,"[trader#A]


#CAKEUSDT 🐻 Шорт (вход с текущих)

Вход (2-фазный):
— Вход с текущих: 2.363
— Усреднение: 2.493

Стоп:
— SL: 2.573 🛡

Тейки (среднесрок, 3 цели):
— TP1: 2.175 🎯 (от A: +8.0%, от B: +12.8%)
— TP2: 1.983 🎯 (от A: +16.1%, от B: +20.5%)
— TP3: 1.783 🎯 (от A: +24.5%, от B: +28.5%)

Вход не более 1–2% от депозита

#среднесрок",1.0,non_signal_intents_dropped_in_signal_message,"{""suppressed_intents"": [""MODIFY_ENTRY:вход с текущих"", ""MODIFY_ENTRY:вход с текущих""], ""matched_markers"": [""symbol/strong:usdt@16:20"", ""symbol/strong:usdt@16:20"", ""SHORT/strong:шорт@23:27"", ""entry/strong:(вход с текущих)@28:44"", ""MODIFY_ENTRY/weak:вход@29:33"", ""MODIFY_ENTRY/strong:вход с текущих@29:",CAKEUSDT,SHORT,TWO_STEP,2,1:MARKET:PRIMARY@2.363|2:LIMIT:AVERAGING@2.493,2.573,3,2.175|1.983|1.783,Вход не более 1–2%,,1.0,2.0,,,COMPLETE
41,trader_a,SIGNAL,PARSED,1927,817,,"[trader#A]


#1INCHUSDT 🐻 Шорт (вход с текущих)

Вход (2-фазный):
— Вход с текущих: 0.1873
— Усреднение: 0.1951

Стоп:
— SL: 0.2085 🛡

Тейки (среднесрок, 3 цели):
— TP1: 0.1717 🎯 (от A: +8.3%, от B: +12.0%)
— TP2: 0.1557 🎯 (от A: +16.9%, от B: +20.2%)
— TP3: 0.1187 🎯 (от A: +36.6%, от B: +39.2%)

Вход не более 1–2% от депозита


#среднесрок",1.0,non_signal_intents_dropped_in_signal_message,"{""suppressed_intents"": [""MODIFY_ENTRY:вход с текущих"", ""MODIFY_ENTRY:вход с текущих""], ""matched_markers"": [""symbol/strong:usdt@17:21"", ""symbol/strong:usdt@17:21"", ""SHORT/strong:шорт@24:28"", ""entry/strong:(вход с текущих)@29:45"", ""MODIFY_ENTRY/weak:вход@30:34"", ""MODIFY_ENTRY/strong:вход с текущих@30:",1INCHUSDT,SHORT,TWO_STEP,2,1:MARKET:PRIMARY@0.1873|2:LIMIT:AVERAGING@0.1951,0.2085,3,0.1717|0.1557|0.1187,Вход не более 1–2%,,1.0,2.0,,,COMPLETE
41,trader_a,SIGNAL,PARSED,1926,818,,"[trader#A]

#LINKUSDT 🐻 Шорт (вход с текущих)


Вход (2-фазный):
— Вход с текущих: 14,213
— Усреднение: 14,927


Стоп:
— SL: 15,087 🛡


Тейки (среднесрок, 3 цели):
— TP1: 13,521 🎯 (от A: +4,9%, от B: +9,4%)
— TP2: 12,437 🎯 (от A: +12,5%, от B: +16,7%)
— TP3: 11,237 🎯 (от A: +20,9%, от B: +24,7%)


Вход не более 1–2% от депозита


#среднесрок",1.0,non_signal_intents_dropped_in_signal_message,"{""suppressed_intents"": [""MODIFY_ENTRY:вход с текущих"", ""MODIFY_ENTRY:вход с текущих""], ""matched_markers"": [""symbol/strong:usdt@16:20"", ""symbol/strong:usdt@16:20"", ""SHORT/strong:шорт@23:27"", ""entry/strong:(вход с текущих)@28:44"", ""MODIFY_ENTRY/weak:вход@29:33"", ""MODIFY_ENTRY/strong:вход с текущих@29:",LINKUSDT,SHORT,TWO_STEP,2,1:MARKET:PRIMARY@14.213|2:LIMIT:AVERAGING@14.927,15.087,3,13.521|12.437|11.237,Вход не более 1–2%,,1.0,2.0,,,COMPLETE
41,trader_a,SIGNAL,PARSED,1925,819,,"[trader#A]

#ZETAUSDT 🐻 Шорт (вход с текущих)

Вход (2-фазный):
— Вход с текущих: 0,0879
— Усреднение: 0,0933

Стоп:
— SL: 0,0987 🛡

Тейки (среднесрок, 3 цели):
— TP1: 0,0816 🎯 (от A: +7,2%, от B: +12,5%)
— TP2: 0,0726 🎯 (от A: +17,4%, от B: +22,2%)
— TP3: 0,0632 🎯 (от A: +28,1%, от B: +32,3%)

Вход не более 1–2% от депозита


#среднесрок",1.0,non_signal_intents_dropped_in_signal_message,"{""suppressed_intents"": [""MODIFY_ENTRY:вход с текущих"", ""MODIFY_ENTRY:вход с текущих""], ""matched_markers"": [""symbol/strong:usdt@16:20"", ""symbol/strong:usdt@16:20"", ""SHORT/strong:шорт@23:27"", ""entry/strong:(вход с текущих)@28:44"", ""MODIFY_ENTRY/weak:вход@29:33"", ""MODIFY_ENTRY/strong:вход с текущих@29:",ZETAUSDT,SHORT,TWO_STEP,2,1:MARKET:PRIMARY@0.0879|2:LIMIT:AVERAGING@0.0933,0.0987,3,0.0816|0.0726|0.0632,Вход не более 1–2%,,1.0,2.0,,,COMPLETE
41,trader_a,SIGNAL,PARSED,1924,821,,"[trader#A]

#BATUSDT 🐻 Шорт (вход с текущих)

Вход (2-фазный):
— Вход с текущих: 0,2622
— Усреднение: 0,2686

Стоп:
— SL: 0,3035 🛡

Тейки (среднесрок, 3 цели):
— TP1: 0,2488 🎯 (от A: +5,1%, от B: +7,4%)
— TP2: 0,2296 🎯 (от A: +12,4%, от B: +14,5%)
— TP3: 0,2074 🎯 (от A: +20,9%, от B: +22,8%)


Вход не более 1–2% от депозита

#среднесрок",1.0,non_signal_intents_dropped_in_signal_message,"{""suppressed_intents"": [""MODIFY_ENTRY:вход с текущих"", ""MODIFY_ENTRY:вход с текущих""], ""matched_markers"": [""symbol/strong:usdt@15:19"", ""symbol/strong:usdt@15:19"", ""SHORT/strong:шорт@22:26"", ""entry/strong:(вход с текущих)@27:43"", ""MODIFY_ENTRY/weak:вход@28:32"", ""MODIFY_ENTRY/strong:вход с текущих@28:",BATUSDT,SHORT,TWO_STEP,2,1:MARKET:PRIMARY@0.2622|2:LIMIT:AVERAGING@0.2686,0.3035,3,0.2488|0.2296|0.2074,Вход не более 1–2%,,1.0,2.0,,,COMPLETE
41,trader_a,SIGNAL,PARSED,1923,822,,"[trader#A]

#XRPUSDT 🐻 Шорт (вход с текущих)

Вход (2-фазный):
— Вход с текущих: 2.0623
— Усреднение: 2.1037

Стоп:
— SL: 2.3153 🛡(от A: -12.3%, от B: -10.1%)

Тейки (среднесрок, 3 цели):
— TP1: 1.9301 🎯 (от A: +6.4%, от B: +8.3%)
— TP2: 1.7083 🎯 (от A: +17.2%, от B: +18.8%)
— TP3: 1.5481 🎯 (от A: +24.9%, от B: +26.4%)

Вход не более 1-2% от депозита


p.s.  пока все, ждем тейков


#среднесрок",1.0,non_signal_intents_dropped_in_signal_message,"{""suppressed_intents"": [""MODIFY_ENTRY:вход с текущих"", ""MODIFY_ENTRY:вход с текущих""], ""matched_markers"": [""leverage/weak:x@12:13"", ""symbol/strong:usdt@15:19"", ""symbol/strong:usdt@15:19"", ""SHORT/strong:шорт@22:26"", ""entry/strong:(вход с текущих)@27:43"", ""MODIFY_ENTRY/weak:вход@28:32"", ""MODIFY_ENTRY/",XRPUSDT,SHORT,TWO_STEP,2,1:MARKET:PRIMARY@2.0623|2:LIMIT:AVERAGING@2.1037,2.3153,3,1.9301|1.7083|1.5481,Вход не более 1-2%,,1.0,2.0,,,COMPLETE
41,trader_a,SIGNAL,PARSED,1893,856,,"[trader#A]

#среднесрок
#ENAUSDT 🐂 Лонг (вход с текущих)


Вход (2-фазный):
— Вход с текущих: 0,2729
— Усреднение: 0,2635


Стоп:
— SL: 0,2317 🛡(от A: -15,1%, от B: -12,1%)


Тейки (среднесрок, 3 цели):
— TP1: 0,2941 🎯 (от A: +7,8%, от B: +11,6%)
— TP2: 0,3347 🎯 (от A: +22,6%, от B: +27,0%)
— TP3: 0,3643 🎯 (от A: +33,5%, от B: +38,3%)


Спот (цель по 1W-ТФ):
— Цель: 0,4027 💫 (от A: +47,6%)


Вход не более 1-2% от депозита",1.0,non_signal_intents_dropped_in_signal_message,"{""suppressed_intents"": [""MODIFY_ENTRY:вход с текущих"", ""MODIFY_ENTRY:вход с текущих""], ""matched_markers"": [""symbol/strong:usdt@27:31"", ""symbol/strong:usdt@27:31"", ""LONG/strong:лонг@34:38"", ""entry/strong:(вход с текущих)@39:55"", ""MODIFY_ENTRY/weak:вход@40:44"", ""MODIFY_ENTRY/strong:вход с текущих@40:5",ENAUSDT,LONG,TWO_STEP,2,1:MARKET:PRIMARY@0.2729|2:LIMIT:AVERAGING@0.2635,0.2317,3,0.2941|0.3347|0.3643,Вход не более 1-2%,,1.0,2.0,,,COMPLETE
41,trader_a,SIGNAL,PARSED,1889,861,,"[trader#A]

#среднесрок

#LDOUSDT 🐻 Шорт (вход с текущих)

Вход (2-фазный):
— Вход с текущих: 0,6047
— Усреднение: 0,6229

Стоп:
— SL: 0,6843 🛡 (от A: -13,2%, от B: -9,9%)

Тейки (среднесрок, 3 цели):
— TP1: 0,5489 🎯 (от A: +9,2%, от B: +11,9%)
— TP2: 0,4931 🎯 (от A: +18,5%, от B: +20,8%)
— TP3: 0,4353 🎯 (от A: +28,0%, от B: +30,1%)

Вход не более 1–2% от депозита",1.0,non_signal_intents_dropped_in_signal_message,"{""suppressed_intents"": [""MODIFY_ENTRY:вход с текущих"", ""MODIFY_ENTRY:вход с текущих""], ""matched_markers"": [""symbol/strong:usdt@27:31"", ""symbol/strong:usdt@27:31"", ""SHORT/strong:шорт@34:38"", ""entry/strong:(вход с текущих)@39:55"", ""MODIFY_ENTRY/weak:вход@40:44"", ""MODIFY_ENTRY/strong:вход с текущих@40:",LDOUSDT,SHORT,TWO_STEP,2,1:MARKET:PRIMARY@0.6047|2:LIMIT:AVERAGING@0.6229,0.6843,3,0.5489|0.4931|0.4353,Вход не более 1–2%,,1.0,2.0,,,COMPLETE
41,trader_a,SIGNAL,PARSED,1882,870,,"[trader#A]

#среднесрок
#SHIB1000USDT 🐻 Шорт (вход с текущих)

— Вход с текущих: 0.00847
— Усреднение: 0.00863

— SL: 0.00907 🛡 (от A: -7.1%, от B: -5.1%)

— TP1: 0.00813 🎯 (от A: +4.0%, от B: +5.8%)
— TP2: 0.00759 🎯 (от A: +10.4%, от B: +12.1%)
— TP3: 0.00721 🎯 (от A: +14.9%, от B: +16.5%)

Вход не более 1–2% от депозита (стандартный риск)",1.0,non_signal_intents_dropped_in_signal_message,"{""suppressed_intents"": [""MODIFY_ENTRY:вход с текущих"", ""MODIFY_ENTRY:вход с текущих""], ""matched_markers"": [""symbol/strong:usdt@32:36"", ""symbol/strong:usdt@32:36"", ""SHORT/strong:шорт@39:43"", ""entry/strong:(вход с текущих)@44:60"", ""MODIFY_ENTRY/weak:вход@45:49"", ""MODIFY_ENTRY/strong:вход с текущих@45:",SHIB1000USDT,SHORT,TWO_STEP,2,1:MARKET:PRIMARY@0.00847|2:LIMIT:AVERAGING@0.00863,0.00907,3,0.00813|0.00759|0.00721,Вход не более 1–2%,,1.0,2.0,,,COMPLETE
41,trader_a,SIGNAL,PARSED,1849,921,,"[trader#A]


#среднесрок
#FARTCOINUSDT 🐻 Шорт (вход с текущих)

Вход (2-фазный):
— Вход с текущих: 0.3688
— Усреднение: 0.3879

Стоп:
— SL: 0.4283 🛡(от A: -16.1%, от B: -10.4%)

Тейки (среднесрок, 3 цели):
— TP1: 0.3097 🎯 (от A: +16.0%, от B: +20.2%)
— TP2: 0.2847 🎯 (от A: +22.8%, от B: +26.6%)
— TP3: 0.2487 🎯 (от A: +32.6%, от B: +35.9%)

Вход не более 1–2% от депозита",1.0,non_signal_intents_dropped_in_signal_message,"{""suppressed_intents"": [""MODIFY_ENTRY:вход с текущих"", ""MODIFY_ENTRY:вход с текущих""], ""matched_markers"": [""symbol/strong:usdt@32:36"", ""symbol/strong:usdt@32:36"", ""SHORT/strong:шорт@39:43"", ""entry/strong:(вход с текущих)@44:60"", ""MODIFY_ENTRY/weak:вход@45:49"", ""MODIFY_ENTRY/strong:вход с текущих@45:",FARTCOINUSDT,SHORT,TWO_STEP,2,1:MARKET:PRIMARY@0.3688|2:LIMIT:AVERAGING@0.3879,0.4283,3,0.3097|0.2847|0.2487,Вход не более 1–2%,,1.0,2.0,,,COMPLETE
41,trader_a,SIGNAL,PARSED,1846,924,,"[trader#A]


#среднесрок
#ASTERUSDT 🐻 Шорт (вход с текущих)

— Вход с текущих: 0.9465
— Усреднение: 0.9536

— SL: 0.9833 🛡 (от A: -3.9%, от B: -3.1%)

— TP1: 0.8420 🎯 (от A: +11.0%, от B: +11.7%)
— TP2: 0.7865 🎯 (от A: +16.9%, от B: +17.5%)
— TP3: 0.5855 🎯 (от A: +38.1%, от B: +38.6%)

Вход не более 1–2% от депозита.",1.0,non_signal_intents_dropped_in_signal_message,"{""suppressed_intents"": [""MODIFY_ENTRY:вход с текущих"", ""MODIFY_ENTRY:вход с текущих""], ""matched_markers"": [""symbol/strong:usdt@29:33"", ""symbol/strong:usdt@29:33"", ""SHORT/strong:шорт@36:40"", ""entry/strong:(вход с текущих)@41:57"", ""MODIFY_ENTRY/weak:вход@42:46"", ""MODIFY_ENTRY/strong:вход с текущих@42:",ASTERUSDT,SHORT,TWO_STEP,2,1:MARKET:PRIMARY@0.9465|2:LIMIT:AVERAGING@0.9536,0.9833,3,0.842|0.7865|0.5855,Вход не более 1–2%,,1.0,2.0,,,COMPLETE
41,trader_a,SIGNAL,PARSED,1845,925,,"[trader#A]


#среднесрок
#ENAUSDT 🐂 Лонг (вход с текущих)

Вход (2-фазный):
— Вход с текущих: 0.2497
— Усреднение: 0.2429

Стоп:
— SL: 0.2261 🛡(от A: -9.5%, от B: -6.9%)

Тейки (среднесрок, 3 цели):
— TP1: 0.2721 🎯 (от A: +9.0%, от B: +12.0%)
— TP2: 0.2869 🎯 (от A: +14.9%, от B: +18.1%)
— TP3: 0.3181 🎯 (от A: +27.4%, от B: +31.0%)

Спот (цель по 1W-ТФ):
— Цель: 0.4387 💫 (от A: +75.7%)

Вход не более 1-2% от депозита",1.0,non_signal_intents_dropped_in_signal_message,"{""suppressed_intents"": [""MODIFY_ENTRY:вход с текущих"", ""MODIFY_ENTRY:вход с текущих""], ""matched_markers"": [""symbol/strong:usdt@27:31"", ""symbol/strong:usdt@27:31"", ""LONG/strong:лонг@34:38"", ""entry/strong:(вход с текущих)@39:55"", ""MODIFY_ENTRY/weak:вход@40:44"", ""MODIFY_ENTRY/strong:вход с текущих@40:5",ENAUSDT,LONG,TWO_STEP,2,1:MARKET:PRIMARY@0.2497|2:LIMIT:AVERAGING@0.2429,0.2261,3,0.2721|0.2869|0.3181,Вход не более 1-2%,,1.0,2.0,,,COMPLETE
41,trader_a,SIGNAL,PARSED,1842,933,,"[trader#A]
#intraday

#SEIUSDT 🐻 Шорт (ML+TA)

— Вход: 0.1266
— Усреднение: нет

— SL: 0.1301 🛡 (~2.8% риска)

🎯 Тейки:
— TP1: 0.1231 (~+2.8%, ≈1.0R)
— TP2: 0.1196 (~+5.6%, ≈2.0R)
— TP3: 0.1160 (~+8.4%, ≈3.0R)",1.0,non_signal_intents_dropped_in_signal_message,"{""suppressed_intents"": [], ""matched_markers"": [""symbol/strong:usdt@25:29"", ""symbol/strong:usdt@25:29"", ""SHORT/strong:шорт@32:36"", ""MODIFY_ENTRY/weak:вход@47:51"", ""entry/strong:вход:@47:52"", ""ADD_ENTRY/weak:усреднение@62:72"", ""ENTRY_FILLED/weak:усреднение@62:72"", ""entry/weak:усреднение@62:72"", ""AVERA",SEIUSDT,SHORT,ONE_SHOT,1,1:LIMIT:PRIMARY@0.1266,0.1301,3,0.1231|0.1196|0.116,,,,,,,COMPLETE
41,trader_a,SIGNAL,PARSED,1840,936,,"[trader#A]
#intraday

#INJUSDT 🐻 Шорт (ML+TA)

— Вход: 5.2100
— Усреднение: нет

— SL: 5.4050 🛡 (~3.7% риска)

🎯 Тейки:
— TP1: 5.0150 (~+3.7%, ≈1.0R)
— TP2: 4.8200 (~+7.5%, ≈2.0R)
— TP3: 4.6250 (~+11.2%, ≈3.0R)",1.0,non_signal_intents_dropped_in_signal_message,"{""suppressed_intents"": [], ""matched_markers"": [""symbol/strong:usdt@25:29"", ""symbol/strong:usdt@25:29"", ""SHORT/strong:шорт@32:36"", ""MODIFY_ENTRY/weak:вход@47:51"", ""entry/strong:вход:@47:52"", ""ADD_ENTRY/weak:усреднение@62:72"", ""ENTRY_FILLED/weak:усреднение@62:72"", ""entry/weak:усреднение@62:72"", ""AVERA",INJUSDT,SHORT,ONE_SHOT,1,1:LIMIT:PRIMARY@5.21,5.405,3,5.015|4.82|4.625,,,,,,,COMPLETE
41,trader_a,SIGNAL,PARSED,1833,946,,"[trader#A]
#intraday

#PENDLEUSDT 🐂 Лонг (ML+TA)

— Вход: 2.1530
— Усреднение: нет

— SL: 2.0950 🛡 (~2.7% риска)

🎯 Тейки:
— TP1: 2.2110 (~+2.7%, ≈1.0R)
— TP2: 2.2689 (~+5.4%, ≈2.0R)
— TP3: 2.3269 (~+8.1%, ≈3.0R)",1.0,non_signal_intents_dropped_in_signal_message,"{""suppressed_intents"": [], ""matched_markers"": [""symbol/strong:usdt@28:32"", ""symbol/strong:usdt@28:32"", ""LONG/strong:лонг@35:39"", ""MODIFY_ENTRY/weak:вход@50:54"", ""entry/strong:вход:@50:55"", ""ADD_ENTRY/weak:усреднение@65:75"", ""ENTRY_FILLED/weak:усреднение@65:75"", ""entry/weak:усреднение@65:75"", ""AVERAG",PENDLEUSDT,LONG,ONE_SHOT,1,1:LIMIT:PRIMARY@2.153,2.095,3,2.211|2.2689|2.3269,,,,,,,COMPLETE
41,trader_a,SIGNAL,PARSED,1821,962,,"[trader#A]
#intraday

#DOGEUSDT 🐻 Шорт (ML+TA)

— Вход: 0.1289
— Усреднение: нет

— SL: 0.1325 🛡 (~2.8% риска)

🎯 Тейки:
— TP1: 0.1253 (~+2.8%, ≈1.0R)
— TP2: 0.1216 (~+5.6%, ≈2.0R)
— TP3: 0.1180 (~+8.4%, ≈3.0R)",1.0,non_signal_intents_dropped_in_signal_message,"{""suppressed_intents"": [], ""matched_markers"": [""symbol/strong:usdt@26:30"", ""symbol/strong:usdt@26:30"", ""SHORT/strong:шорт@33:37"", ""MODIFY_ENTRY/weak:вход@48:52"", ""entry/strong:вход:@48:53"", ""ADD_ENTRY/weak:усреднение@63:73"", ""ENTRY_FILLED/weak:усреднение@63:73"", ""entry/weak:усреднение@63:73"", ""AVERA",DOGEUSDT,SHORT,ONE_SHOT,1,1:LIMIT:PRIMARY@0.1289,0.1325,3,0.1253|0.1216|0.118,,,,,,,COMPLETE
41,trader_a,SIGNAL,PARSED,1820,963,,"[trader#A]
#intraday

#BNBUSDT 🐻 Шорт (ML+TA)

— Вход: 853.1900
— Усреднение: нет

— SL: 871.1975 🛡 (~2.1% риска)

🎯 Тейки:
— TP1: 835.1825 (~+2.1%, ≈1.0R)
— TP2: 817.1750 (~+4.2%, ≈2.0R)
— TP3: 799.1675 (~+6.3%, ≈3.0R)",1.0,non_signal_intents_dropped_in_signal_message,"{""suppressed_intents"": [], ""matched_markers"": [""symbol/strong:usdt@25:29"", ""symbol/strong:usdt@25:29"", ""SHORT/strong:шорт@32:36"", ""MODIFY_ENTRY/weak:вход@47:51"", ""entry/strong:вход:@47:52"", ""ADD_ENTRY/weak:усреднение@64:74"", ""ENTRY_FILLED/weak:усреднение@64:74"", ""entry/weak:усреднение@64:74"", ""AVERA",BNBUSDT,SHORT,ONE_SHOT,1,1:LIMIT:PRIMARY@853.19,871.1975,3,835.1825|817.175|799.1675,,,,,,,COMPLETE
41,trader_a,SIGNAL,PARSED,1819,964,,"[trader#A]
#intraday

#CFXUSDT 🐻 Шорт (ML+TA)

— Вход: 0.0709
— Усреднение: нет

— SL: 0.0740 🛡 (~4.3% риска)

🎯 Тейки:
— TP1: 0.0686 (~+3.2%, ≈0.8R)
— TP2: 0.0648 (~+8.6%, ≈2.0R)
— TP3: 0.0617 (~+12.9%, ≈3.0R)",1.0,non_signal_intents_dropped_in_signal_message,"{""suppressed_intents"": [], ""matched_markers"": [""leverage/weak:x@24:25"", ""symbol/strong:usdt@25:29"", ""symbol/strong:usdt@25:29"", ""SHORT/strong:шорт@32:36"", ""MODIFY_ENTRY/weak:вход@47:51"", ""entry/strong:вход:@47:52"", ""ADD_ENTRY/weak:усреднение@62:72"", ""ENTRY_FILLED/weak:усреднение@62:72"", ""entry/weak:",CFXUSDT,SHORT,ONE_SHOT,1,1:LIMIT:PRIMARY@0.0709,0.074,3,0.0686|0.0648|0.0617,,,,,,,COMPLETE
41,trader_a,SIGNAL,PARSED,1812,971,,"[trader#A]
#intraday


#NEARUSDT 🐻 Шорт (ML+TA)

— Вход: 1.4990
— Усреднение: нет

— SL: 1.5533 🛡 (~3.6% риска)

🎯 Тейки:
— TP1: 1.4447 (~+3.6%, ≈1.0R)
— TP2: 1.3904 (~+7.2%, ≈2.0R)
— TP3: 1.3360 (~+10.9%, ≈3.0R)


p.s. Очень прошу не завышать риски.   
использовать не более 5-6% от депозита на все сделки! Серия стопов может привести к серьезной просадке. Всегда помните об этом",1.0,non_signal_intents_dropped_in_signal_message,"{""suppressed_intents"": [""TP_HIT:тейки"", ""TP_HIT:tp1"", ""TP_HIT:tp2"", ""TP_HIT:tp3""], ""matched_markers"": [""symbol/strong:usdt@26:30"", ""symbol/strong:usdt@26:30"", ""SHORT/strong:шорт@33:37"", ""MODIFY_ENTRY/weak:вход@48:52"", ""entry/strong:вход:@48:53"", ""ADD_ENTRY/weak:усреднение@63:73"", ""ENTRY_FILLED/weak:",NEARUSDT,SHORT,ONE_SHOT,1,1:LIMIT:PRIMARY@1.499,1.5533,3,1.4447|1.3904|1.336,не более 5-6%,,5.0,6.0,,,COMPLETE
41,trader_a,SIGNAL,PARSED,1811,972,,"[trader#A]
#intraday



#OGUSDT 🐻 Шорт (ML+TA)

— Вход: 12.2830
— Усреднение: нет

— SL: 12.5425 🛡 (~2.1% риска)

🎯 Тейки:
— TP1: 12.0235 (~+2.1%, ≈1.0R)
— TP2: 11.7640 (~+4.2%, ≈2.0R)
— TP3: 11.5045 (~+6.3%, ≈3.0R)",1.0,non_signal_intents_dropped_in_signal_message,"{""suppressed_intents"": [], ""matched_markers"": [""symbol/strong:usdt@24:28"", ""symbol/strong:usdt@24:28"", ""SHORT/strong:шорт@31:35"", ""MODIFY_ENTRY/weak:вход@46:50"", ""entry/strong:вход:@46:51"", ""ADD_ENTRY/weak:усреднение@62:72"", ""ENTRY_FILLED/weak:усреднение@62:72"", ""entry/weak:усреднение@62:72"", ""AVERA",OGUSDT,SHORT,ONE_SHOT,1,1:LIMIT:PRIMARY@12.283,12.5425,3,12.0235|11.764|11.5045,,,,,,,COMPLETE
41,trader_a,SIGNAL,PARSED,1807,978,,"[trader#A]

#среднесрок
#LINKUSDT 🐻 Шорт (вход с текущих)

— Вход с текущих: 12.724
— Усреднение: 13.019

— SL: 13.563 🛡(от A: -6.6%, от B: -4.2%)

— TP1: 11.979 🎯 (от A: +5.9%, от B: +8.0%)
— TP2: 11.537 🎯 (от A: +9.3%, от B: +11.4%)
— TP3: 10.943 🎯 (от A: +14.0%, от B: +15.9%)

Вход не более 1-2% от депозита",1.0,non_signal_intents_dropped_in_signal_message,"{""suppressed_intents"": [""MODIFY_ENTRY:вход с текущих"", ""MODIFY_ENTRY:вход с текущих""], ""matched_markers"": [""symbol/strong:usdt@28:32"", ""symbol/strong:usdt@28:32"", ""SHORT/strong:шорт@35:39"", ""entry/strong:(вход с текущих)@40:56"", ""MODIFY_ENTRY/weak:вход@41:45"", ""MODIFY_ENTRY/strong:вход с текущих@41:",LINKUSDT,SHORT,TWO_STEP,2,1:MARKET:PRIMARY@12.724|2:LIMIT:AVERAGING@13.019,13.563,3,11.979|11.537|10.943,Вход не более 1-2%,,1.0,2.0,,,COMPLETE
41,trader_a,SIGNAL,PARSED,1803,983,,"[trader#A]
#intraday


#RSRUSDT 🐂 Лонг (ML+TA)

— Вход: 0.0027
— Усреднение: нет

— SL: 0.0025 🛡 (~5.0% риска)

🎯 Тейки:
— TP1: 0.0028 (~+5.0%, ≈1.0R)
— TP2: 0.0029 (~+9.9%, ≈2.0R)
— TP3: 0.0030 (~+12.2%, ≈2.5R)",1.0,non_signal_intents_dropped_in_signal_message,"{""suppressed_intents"": [], ""matched_markers"": [""symbol/strong:usdt@25:29"", ""symbol/strong:usdt@25:29"", ""LONG/strong:лонг@32:36"", ""MODIFY_ENTRY/weak:вход@47:51"", ""entry/strong:вход:@47:52"", ""ADD_ENTRY/weak:усреднение@62:72"", ""ENTRY_FILLED/weak:усреднение@62:72"", ""entry/weak:усреднение@62:72"", ""AVERAG",RSRUSDT,LONG,ONE_SHOT,1,1:LIMIT:PRIMARY@0.0027,0.0025,3,0.0028|0.0029|0.003,,,,,,,COMPLETE
41,trader_a,SIGNAL,PARSED,1795,992,,"[trader#A]

#среднесрок
#ARBUSDT 🐂 Лонг  вход с текущих)

Вход (2-фазный):
— Вход с текущих: 0.1981
— Усреднение: 0.1929

Стоп:
— SL: 0.1805 🛡(от A: -8.9%, от B: -6.4%)

Тейки (среднесрок, 3 цели):
— TP1: 0.2167 🎯 (от A: +9.4%, от B: +12.3%)
— TP2: 0.2257 🎯 (от A: +13.9%, от B: +17.0%)
— TP3: 0.2439 🎯 (от A: +23.1%, от B: +26.4%)

Вход не более 1-2% от депозита",1.0,non_signal_intents_dropped_in_signal_message,"{""suppressed_intents"": [""MODIFY_ENTRY:вход с текущих"", ""MODIFY_ENTRY:вход с текущих""], ""matched_markers"": [""symbol/strong:usdt@27:31"", ""symbol/strong:usdt@27:31"", ""LONG/strong:лонг@34:38"", ""MODIFY_ENTRY/weak:вход@39:43"", ""MODIFY_ENTRY/strong:вход с текущих@39:53"", ""MARKET/strong:вход с текущих@39:53",ARBUSDT,LONG,TWO_STEP,2,1:MARKET:PRIMARY@0.1981|2:LIMIT:AVERAGING@0.1929,0.1805,3,0.2167|0.2257|0.2439,Вход не более 1-2%,,1.0,2.0,,,COMPLETE
41,trader_a,SIGNAL,PARSED,1789,1002,,"[trader#A]
#intraday


#ALGOUSDT 🐻 Шорт (ML+TA)

— Вход: 0.1119
— Усреднение: нет

— SL: 0.1161 🛡 (~3.8% риска)

🎯 Тейки:
— TP1: 0.1077 (~+3.8%, ≈1.0R)
— TP2: 0.1034 (~+7.6%, ≈2.0R)
— TP3: 0.0992 (~+11.4%, ≈3.0R)",1.0,non_signal_intents_dropped_in_signal_message,"{""suppressed_intents"": [], ""matched_markers"": [""symbol/strong:usdt@26:30"", ""symbol/strong:usdt@26:30"", ""SHORT/strong:шорт@33:37"", ""MODIFY_ENTRY/weak:вход@48:52"", ""entry/strong:вход:@48:53"", ""ADD_ENTRY/weak:усреднение@63:73"", ""ENTRY_FILLED/weak:усреднение@63:73"", ""entry/weak:усреднение@63:73"", ""AVERA",ALGOUSDT,SHORT,ONE_SHOT,1,1:LIMIT:PRIMARY@0.1119,0.1161,3,0.1077|0.1034|0.0992,,,,,,,COMPLETE
41,trader_a,SIGNAL,PARSED,1788,1003,,"[trader#A]
#intraday

#ARKMUSDT 🐻 Шорт (ML+TA)

— Вход: 0.1870
— Усреднение: нет

— SL: 0.1969 🛡 (~5.3% риска)

🎯 Тейки:
— TP1: 0.1771 (~+5.3%, ≈1.0R)
— TP2: 0.1673 (~+10.5%, ≈2.0R)
— TP3: 0.1574 (~+15.8%, ≈3.0R)",1.0,non_signal_intents_dropped_in_signal_message,"{""suppressed_intents"": [], ""matched_markers"": [""symbol/strong:usdt@26:30"", ""symbol/strong:usdt@26:30"", ""SHORT/strong:шорт@33:37"", ""MODIFY_ENTRY/weak:вход@48:52"", ""entry/strong:вход:@48:53"", ""ADD_ENTRY/weak:усреднение@63:73"", ""ENTRY_FILLED/weak:усреднение@63:73"", ""entry/weak:усреднение@63:73"", ""AVERA",ARKMUSDT,SHORT,ONE_SHOT,1,1:LIMIT:PRIMARY@0.187,0.1969,3,0.1771|0.1673|0.1574,,,,,,,COMPLETE
41,trader_a,SIGNAL,PARSED,1787,1005,,"[trader#A]


#среднесрок
#FARTCOINUSDT 🐻 Шорт (вход с текущих)

Вход (2-фазный):
— Вход с текущих: 0.3337
— Усреднение: 0.3469

Стоп:
— SL: 0.3829 🛡(от A: -14.7%, от B: -10.4%)

Тейки (среднесрок, 3 цели):
— TP1: 0.2973 🎯 (от A: +10.9%, от B: +14.3%)
— TP2: 0.2647 🎯 (от A: +20.7%, от B: +23.7%)
— TP3: 0.2069 🎯 (от A: +38.0%, от B: +40.4%)


Вход не более 1-2% от депозита",1.0,non_signal_intents_dropped_in_signal_message,"{""suppressed_intents"": [""MODIFY_ENTRY:вход с текущих"", ""MODIFY_ENTRY:вход с текущих""], ""matched_markers"": [""symbol/strong:usdt@32:36"", ""symbol/strong:usdt@32:36"", ""SHORT/strong:шорт@39:43"", ""entry/strong:(вход с текущих)@44:60"", ""MODIFY_ENTRY/weak:вход@45:49"", ""MODIFY_ENTRY/strong:вход с текущих@45:",FARTCOINUSDT,SHORT,TWO_STEP,2,1:MARKET:PRIMARY@0.3337|2:LIMIT:AVERAGING@0.3469,0.3829,3,0.2973|0.2647|0.2069,Вход не более 1-2%,,1.0,2.0,,,COMPLETE
41,trader_a,SIGNAL,PARSED,1778,1015,,"[trader#A]

#среднесрок
#XRPUSDT 🐻 Шорт (вход с текущих)
Вход (2-фазный):
— Вход с текущих: 1.8723
— Усреднение: 1.9079
Стоп:
— SL: 2.0976 🛡(от A: -12.0%, от B: -9.9%)
Тейки (среднесрок, 3 цели):
— TP1: 1.3017 🎯 (от A: +30.5%, от B: +31.8%)
— TP2: 1.0617 🎯 (от A: +43.3%, от B: +44.4%)
— TP3: 0.8429 🎯 (от A: +55.0%, от B: +55.8%)

Вход не более 1–2% от депозита",1.0,non_signal_intents_dropped_in_signal_message,"{""suppressed_intents"": [""MODIFY_ENTRY:вход с текущих"", ""MODIFY_ENTRY:вход с текущих""], ""matched_markers"": [""leverage/weak:x@24:25"", ""symbol/strong:usdt@27:31"", ""symbol/strong:usdt@27:31"", ""SHORT/strong:шорт@34:38"", ""entry/strong:(вход с текущих)@39:55"", ""MODIFY_ENTRY/weak:вход@40:44"", ""MODIFY_ENTRY/",XRPUSDT,SHORT,TWO_STEP,2,1:MARKET:PRIMARY@1.8723|2:LIMIT:AVERAGING@1.9079,2.0976,3,1.3017|1.0617|0.8429,Вход не более 1–2%,,1.0,2.0,,,COMPLETE
41,trader_a,SIGNAL,PARSED,1777,1017,1016,"[trader#A]

#среднесрок
#ADAUSDT 🐻 Шорт (вход с текущих)

Вход (2-фазный):
— Вход с текущих: 0.3657
— Усреднение: 0.3749

Стоп:
— SL: 0.3897 🛡(от A: -6.6%, от B: -3.9%)

Тейки (среднесрок, 3 цели):
— TP1: 0.3343 🎯 (от A: +8.6%, от B: +10.8%)
— TP2: 0.3121 🎯 (от A: +14.7%, от B: +16.8%)
— TP3: 0.2789 🎯 (от A: +23.7%, от B: +25.6%)

Вход не более 1-2% от депозита",1.0,non_signal_intents_dropped_in_signal_message,"{""suppressed_intents"": [""MODIFY_ENTRY:вход с текущих"", ""MODIFY_ENTRY:вход с текущих""], ""matched_markers"": [""symbol/strong:usdt@27:31"", ""symbol/strong:usdt@27:31"", ""SHORT/strong:шорт@34:38"", ""entry/strong:(вход с текущих)@39:55"", ""MODIFY_ENTRY/weak:вход@40:44"", ""MODIFY_ENTRY/strong:вход с текущих@40:",ADAUSDT,SHORT,TWO_STEP,2,1:MARKET:PRIMARY@0.3657|2:LIMIT:AVERAGING@0.3749,0.3897,3,0.3343|0.3121|0.2789,Вход не более 1-2%,,1.0,2.0,,,COMPLETE
41,trader_a,SIGNAL,PARSED,1776,1018,,"[trader#A]

#среднесрок
#UNIUSDT 🐻 Шорт (вход с текущих)

Вход (2-фазный):
— Вход с текущих: 5.327
— Усреднение: 5.487

Стоп:
— SL: 5.648 🛡(от A: -6.0%, от B: -2.9%)

Тейки (среднесрок, 3 цели):
— TP1: 4.923 🎯 (от A: +7.6%, от B: +10.3%)
— TP2: 4.731 🎯 (от A: +11.2%, от B: +13.8%)
— TP3: 4.583 🎯 (от A: +14.0%, от B: +16.5%)",1.0,non_signal_intents_dropped_in_signal_message,"{""suppressed_intents"": [""MODIFY_ENTRY:вход с текущих"", ""MODIFY_ENTRY:вход с текущих""], ""matched_markers"": [""symbol/strong:usdt@27:31"", ""symbol/strong:usdt@27:31"", ""SHORT/strong:шорт@34:38"", ""entry/strong:(вход с текущих)@39:55"", ""MODIFY_ENTRY/weak:вход@40:44"", ""MODIFY_ENTRY/strong:вход с текущих@40:",UNIUSDT,SHORT,TWO_STEP,2,1:MARKET:PRIMARY@5.327|2:LIMIT:AVERAGING@5.487,5.648,3,4.923|4.731|4.583,,,,,,,COMPLETE
41,trader_a,SIGNAL,PARSED,1771,1024,,"[trader#A]

#среднесрок
#SUIUSDT 🐂 Лонг (вход с текущих) 

Вход (2-фазный):
— Вход с текущих: 1.3764
— Усреднение: 1.3297

Стоп:
— SL: 1.2499 🛡(от A: -9.2%, от B: -6.0%)

Тейки (среднесрок, 3 цели):
— TP1: 1.5041 🎯 (от A: +9.3%, от B: +13.1%)
— TP2: 1.5544 🎯 (от A: +12.9%, от B: +16.9%)
— TP3: 1.7978 🎯 (от A: +30.6%, от B: +35.2%)

Спот (цель по 1W-ТФ):
— Цель: 2.6105 💫 (от A: +89.7%)

Риск: не более 0.3–0.5% от депозита",1.0,non_signal_intents_dropped_in_signal_message,"{""suppressed_intents"": [""MODIFY_ENTRY:вход с текущих"", ""MODIFY_ENTRY:вход с текущих""], ""matched_markers"": [""symbol/strong:usdt@27:31"", ""symbol/strong:usdt@27:31"", ""LONG/strong:лонг@34:38"", ""entry/strong:(вход с текущих)@39:55"", ""MODIFY_ENTRY/weak:вход@40:44"", ""MODIFY_ENTRY/strong:вход с текущих@40:5",SUIUSDT,LONG,TWO_STEP,2,1:MARKET:PRIMARY@1.3764|2:LIMIT:AVERAGING@1.3297,1.2499,3,1.5041|1.5544|1.7978,Риск: не более 0.3–0.5%,,0.3,0.5,,,COMPLETE
41,trader_a,SIGNAL,PARSED,1764,1034,,"[trader#A]


#среднесрок
#PEOPLEUSDT 🐂 Лонг (вход с текущих)

Вход (2-фазный):
— Вход с текущих: 0.0086
— Усреднение: 0.0083

Стоп:
— SL: 0.0079 🛡(от A: -7.7%, от B: -4.6%)

Тейки (среднесрок, 3 цели):
— TP1: 0.0095 🎯 (от A: +10.6%, от B: +14.4%)
— TP2: 0.0106 🎯 (от A: +23.5%, от B: +27.7%)
— TP3: 0.0111 🎯 (от A: +29.7%, от B: +34.1%)

Спот (цель по 1W-ТФ):
— Цель: 0.0162 💫 (от A: +89.5%)

Вход не более 1-2% от депозита

p.s. тут уверенный лонг, есть разворот на младших ТФ",1.0,non_signal_intents_dropped_in_signal_message,"{""suppressed_intents"": [""MODIFY_ENTRY:вход с текущих"", ""MODIFY_ENTRY:вход с текущих""], ""matched_markers"": [""symbol/strong:usdt@30:34"", ""symbol/strong:usdt@30:34"", ""LONG/strong:лонг@37:41"", ""entry/strong:(вход с текущих)@42:58"", ""MODIFY_ENTRY/weak:вход@43:47"", ""MODIFY_ENTRY/strong:вход с текущих@43:5",PEOPLEUSDT,LONG,TWO_STEP,2,1:MARKET:PRIMARY@0.0086|2:LIMIT:AVERAGING@0.0083,0.0079,3,0.0095|0.0106|0.0111,Вход не более 1-2%,,1.0,2.0,,,COMPLETE
41,trader_a,SIGNAL,PARSED,1762,1036,,"[trader#A]
#intraday

#SXPUSDT 🐂 Лонг (ML+TA)

— Вход: 0.0597
— Усреднение: нет

— SL: 0.0557 🛡 (~6.7% риска)

🎯 Тейки:
— TP1: 0.0637 (~+6.7%, ≈1.0R)
— TP2: 0.0677 (~+13.4%, ≈2.0R)
— TP3: 0.0717 (~+20.1%, ≈3.0R)",1.0,non_signal_intents_dropped_in_signal_message,"{""suppressed_intents"": [], ""matched_markers"": [""leverage/weak:x@23:24"", ""symbol/strong:usdt@25:29"", ""symbol/strong:usdt@25:29"", ""LONG/strong:лонг@32:36"", ""MODIFY_ENTRY/weak:вход@47:51"", ""entry/strong:вход:@47:52"", ""ADD_ENTRY/weak:усреднение@62:72"", ""ENTRY_FILLED/weak:усреднение@62:72"", ""entry/weak:у",SXPUSDT,LONG,ONE_SHOT,1,1:LIMIT:PRIMARY@0.0597,0.0557,3,0.0637|0.0677|0.0717,,,,,,,COMPLETE
41,trader_a,SIGNAL,PARSED,1761,1037,,"[trader#A]
#intraday

#ONEUSDT 🐂 Лонг (ML+TA)

— Вход: 0.0034
— Усреднение: нет

— SL: 0.0032 🛡 (~6.2% риска)

🎯 Тейки:
— TP1: 0.0036 (~+6.2%, ≈1.0R)
— TP2: 0.0037 (~+8.6%, ≈1.4R)
— TP3: 0.0040 (~+18.6%, ≈3.0R)",1.0,non_signal_intents_dropped_in_signal_message,"{""suppressed_intents"": [], ""matched_markers"": [""symbol/strong:usdt@25:29"", ""symbol/strong:usdt@25:29"", ""LONG/strong:лонг@32:36"", ""MODIFY_ENTRY/weak:вход@47:51"", ""entry/strong:вход:@47:52"", ""ADD_ENTRY/weak:усреднение@62:72"", ""ENTRY_FILLED/weak:усреднение@62:72"", ""entry/weak:усреднение@62:72"", ""AVERAG",ONEUSDT,LONG,ONE_SHOT,1,1:LIMIT:PRIMARY@0.0034,0.0032,3,0.0036|0.0037|0.004,,,,,,,COMPLETE
41,trader_a,SIGNAL,PARSED,1760,1038,,"[trader#A]
#intraday

#QTUMUSDT 🐂 Лонг (ML+TA)

— Вход: 1.2640
— Усреднение: нет

— SL: 1.2127 🛡 (~4.1% риска)

🎯 Тейки:
— TP1: 1.3153 (~+4.1%, ≈1.0R)
— TP2: 1.3666 (~+8.1%, ≈2.0R)
— TP3: 1.4170 (~+12.1%, ≈3.0R)",1.0,non_signal_intents_dropped_in_signal_message,"{""suppressed_intents"": [], ""matched_markers"": [""symbol/strong:usdt@26:30"", ""symbol/strong:usdt@26:30"", ""LONG/strong:лонг@33:37"", ""MODIFY_ENTRY/weak:вход@48:52"", ""entry/strong:вход:@48:53"", ""ADD_ENTRY/weak:усреднение@63:73"", ""ENTRY_FILLED/weak:усреднение@63:73"", ""entry/weak:усреднение@63:73"", ""AVERAG",QTUMUSDT,LONG,ONE_SHOT,1,1:LIMIT:PRIMARY@1.264,1.2127,3,1.3153|1.3666|1.417,,,,,,,COMPLETE
41,trader_a,SIGNAL,PARSED,1755,1044,,"[trader#A]

#среднесрок
#HYPEUSDT 🐂 Лонг (вход с текущих)

Вход (2-фазный):
— Вход с текущих: 23.892
— Усреднение: 22.985

Стоп:
— SL: 20.057 🛡(от A: -16.05%, от B: -12.74%)

Тейки (среднесрок, 3 цели):
— TP1: 26.804 🎯 (от A: +12.19%, от B: +16.62%)
— TP2: 31.474 🎯 (от A: +31.73%, от B: +36.93%)
— TP3: 33.142 🎯 (от A: +38.72%, от B: +44.19%)

Спот (цель по 1W-ТФ):
— Цель: 43.840 💫 (от A: +83.49%)

Вход не более 0.3–0.5% от депозита",1.0,non_signal_intents_dropped_in_signal_message,"{""suppressed_intents"": [""MODIFY_ENTRY:вход с текущих"", ""MODIFY_ENTRY:вход с текущих""], ""matched_markers"": [""symbol/strong:usdt@28:32"", ""symbol/strong:usdt@28:32"", ""LONG/strong:лонг@35:39"", ""entry/strong:(вход с текущих)@40:56"", ""MODIFY_ENTRY/weak:вход@41:45"", ""MODIFY_ENTRY/strong:вход с текущих@41:5",HYPEUSDT,LONG,RANGE,2,1:LIMIT:PRIMARY@0.0|2:LIMIT:AVERAGING@3.0,20.057,3,26.804|31.474|33.142,Вход не более 0.3–0.5%,,0.3,0.5,,,COMPLETE
41,trader_a,SIGNAL,PARSED,1733,1077,,"[trader#A]
#intraday

#IMXUSDT 🐂 Лонг (ML+TA)

— Вход: 0.2316
— Усреднение: нет

— SL: 0.2194 🛡 (~5.3% риска)

🎯 Тейки:
— TP1: 0.2438 (~+5.3%, ≈1.0R)
— TP2: 0.2560 (~+10.6%, ≈2.0R)
— TP3: 0.2683 (~+15.8%, ≈3.0R)",1.0,non_signal_intents_dropped_in_signal_message,"{""suppressed_intents"": [], ""matched_markers"": [""leverage/weak:x@24:25"", ""symbol/strong:usdt@25:29"", ""symbol/strong:usdt@25:29"", ""LONG/strong:лонг@32:36"", ""MODIFY_ENTRY/weak:вход@47:51"", ""entry/strong:вход:@47:52"", ""ADD_ENTRY/weak:усреднение@62:72"", ""ENTRY_FILLED/weak:усреднение@62:72"", ""entry/weak:у",IMXUSDT,LONG,ONE_SHOT,1,1:LIMIT:PRIMARY@0.2316,0.2194,3,0.2438|0.256|0.2683,,,,,,,COMPLETE
41,trader_a,SIGNAL,PARSED,1730,1081,,"[trader#A]

#среднесрок
#JTOUSDT 🐂 Лонг ( вход с текущих)

Вход (2-фазный):
— Вход с текущих: 0.3503
— Усреднение: —

Стоп:
— SL: 0.2951 🛡(от A: -15.8%, от B: —)

Тейки (среднесрок, 3 цели):
— TP1: 0.4102 🎯 (от A: +17.1%, от B: —)
— TP2: 0.4865 🎯 (от A: +38.9%, от B: —)
— TP3: 0.5859 🎯 (от A: +67.3%, от B: —)

Спот (цель по 1W-ТФ):
— Цель: 1.2913 💫 (от A: +268.6%)

Вход не более 1% от депозита",1.0,non_signal_intents_dropped_in_signal_message,"{""suppressed_intents"": [""MODIFY_ENTRY:вход с текущих"", ""MODIFY_ENTRY:вход с текущих""], ""matched_markers"": [""symbol/strong:usdt@27:31"", ""symbol/strong:usdt@27:31"", ""LONG/strong:лонг@34:38"", ""MODIFY_ENTRY/weak:вход@41:45"", ""MODIFY_ENTRY/strong:вход с текущих@41:55"", ""MARKET/strong:вход с текущих@41:55",JTOUSDT,LONG,ONE_SHOT,1,1:MARKET:PRIMARY@0.3503,0.2951,3,0.4102|0.4865|0.5859,Вход не более 1%,1.0,,,,,COMPLETE
41,trader_a,SIGNAL,PARSED,1729,1083,,"[trader#A]


#среднесрок
#MANAUSDT 🐂 Лонг (вход с текущих)

Вход (2-фазный):
— Вход с текущих: 0.1291
— Усреднение: нет

Стоп:
— SL: 0.1143 🛡(от A: -11.5%, от B: —)

Тейки (среднесрок, 3 цели):
— TP1: 0.1455 🎯 (от A: +12.7%, от B: —)
— TP2: 0.1601 🎯 (от A: +24.0%, от B: —)
— TP3: 0.1743 🎯 (от A: +35.0%, от B: —)

Спот (цель по 1W-ТФ):
— Цель: 0.2485 💫 (от A: +92.5%)

Вход не более 1% от депозита",1.0,non_signal_intents_dropped_in_signal_message,"{""suppressed_intents"": [""MODIFY_ENTRY:вход с текущих"", ""MODIFY_ENTRY:вход с текущих""], ""matched_markers"": [""symbol/strong:usdt@28:32"", ""symbol/strong:usdt@28:32"", ""LONG/strong:лонг@35:39"", ""entry/strong:(вход с текущих)@40:56"", ""MODIFY_ENTRY/weak:вход@41:45"", ""MODIFY_ENTRY/strong:вход с текущих@41:5",MANAUSDT,LONG,ONE_SHOT,1,1:MARKET:PRIMARY@0.1291,0.1143,3,0.1455|0.1601|0.1743,Вход не более 1%,1.0,,,,,COMPLETE
41,trader_a,SIGNAL,PARSED,1728,1084,,"[trader#A]
#intraday

#ATOMUSDT 🐂 Лонг (ML+TA)

— Вход: 1.9960
— Усреднение: нет

— SL: 1.9216 🛡 (~3.7% риска)

🎯 Тейки:
— TP1: 2.0704 (~+3.7%, ≈1.0R)
— TP2: 2.1447 (~+7.5%, ≈2.0R)
— TP3: 2.2191 (~+11.2%, ≈3.0R)",1.0,non_signal_intents_dropped_in_signal_message,"{""suppressed_intents"": [], ""matched_markers"": [""symbol/strong:usdt@26:30"", ""symbol/strong:usdt@26:30"", ""LONG/strong:лонг@33:37"", ""MODIFY_ENTRY/weak:вход@48:52"", ""entry/strong:вход:@48:53"", ""ADD_ENTRY/weak:усреднение@63:73"", ""ENTRY_FILLED/weak:усреднение@63:73"", ""entry/weak:усреднение@63:73"", ""AVERAG",ATOMUSDT,LONG,ONE_SHOT,1,1:LIMIT:PRIMARY@1.996,1.9216,3,2.0704|2.1447|2.2191,,,,,,,COMPLETE
41,trader_a,SIGNAL,PARSED,1727,1085,,"[trader#A]
#intraday

#IOTAUSDT 🐂 Лонг (ML+TA)

— Вход: 0.0916
— Усреднение: нет

— SL: 0.0880 🛡 (~4.0% риска)

🎯 Тейки:
— TP1: 0.0948 (~+3.4%, ≈0.9R)
— TP2: 0.0989 (~+7.9%, ≈2.0R)
— TP3: 0.1025 (~+11.9%, ≈3.0R)",1.0,non_signal_intents_dropped_in_signal_message,"{""suppressed_intents"": [], ""matched_markers"": [""symbol/strong:usdt@26:30"", ""symbol/strong:usdt@26:30"", ""LONG/strong:лонг@33:37"", ""MODIFY_ENTRY/weak:вход@48:52"", ""entry/strong:вход:@48:53"", ""ADD_ENTRY/weak:усреднение@63:73"", ""ENTRY_FILLED/weak:усреднение@63:73"", ""entry/weak:усреднение@63:73"", ""AVERAG",IOTAUSDT,LONG,ONE_SHOT,1,1:LIMIT:PRIMARY@0.0916,0.088,3,0.0948|0.0989|0.1025,,,,,,,COMPLETE
41,trader_a,SIGNAL,PARSED,1726,1086,,"[trader#A]
#intraday


#NEOUSDT 🐂 Лонг (ML+TA)

— Вход: 3.6250
— Усреднение: нет

— SL: 3.5030 🛡 (~3.4% риска)

🎯 Тейки:
— TP1: 3.7470 (~+3.4%, ≈1.0R)
— TP2: 3.8200 (~+5.4%, ≈1.6R)
— TP3: 3.9911 (~+10.1%, ≈3.0R)",1.0,non_signal_intents_dropped_in_signal_message,"{""suppressed_intents"": [], ""matched_markers"": [""symbol/strong:usdt@25:29"", ""symbol/strong:usdt@25:29"", ""LONG/strong:лонг@32:36"", ""MODIFY_ENTRY/weak:вход@47:51"", ""entry/strong:вход:@47:52"", ""ADD_ENTRY/weak:усреднение@62:72"", ""ENTRY_FILLED/weak:усреднение@62:72"", ""entry/weak:усреднение@62:72"", ""AVERAG",NEOUSDT,LONG,ONE_SHOT,1,1:LIMIT:PRIMARY@3.625,3.503,3,3.747|3.82|3.9911,,,,,,,COMPLETE
41,trader_a,SIGNAL,PARSED,1690,1134,,"[trader#A]
#intraday


#LDOUSDT 🐂 Лонг (ML+TA)

— Вход: 0.5506
— Усреднение: нет

— SL: 0.5365 🛡 (~2.6% риска)

🎯 Тейки:
— TP1: 0.5633 (~+2.3%, ≈0.9R)
— TP2: 0.5788 (~+5.1%, ≈2.0R)
— TP3: 0.5928 (~+7.7%, ≈3.0R)",1.0,non_signal_intents_dropped_in_signal_message,"{""suppressed_intents"": [], ""matched_markers"": [""symbol/strong:usdt@25:29"", ""symbol/strong:usdt@25:29"", ""LONG/strong:лонг@32:36"", ""MODIFY_ENTRY/weak:вход@47:51"", ""entry/strong:вход:@47:52"", ""ADD_ENTRY/weak:усреднение@62:72"", ""ENTRY_FILLED/weak:усреднение@62:72"", ""entry/weak:усреднение@62:72"", ""AVERAG",LDOUSDT,LONG,ONE_SHOT,1,1:LIMIT:PRIMARY@0.5506,0.5365,3,0.5633|0.5788|0.5928,,,,,,,COMPLETE
41,trader_a,SIGNAL,PARSED,1685,1142,,"[trader#A]
#intraday


#ADAUSDT 🐂 Лонг

— Вход: 0.3800
— Усреднение: нет

— SL: 0.3696 🛡 (~2.7% риска)

🎯 Тейки:
— TP1: 0.3904 (~+2.7%, ≈1.0R)
— TP2: 0.4009 (~+5.5%, ≈2.0R)
— TP3: 0.4113 (~+8.2%, ≈3.0R)",1.0,non_signal_intents_dropped_in_signal_message,"{""suppressed_intents"": [], ""matched_markers"": [""symbol/strong:usdt@25:29"", ""symbol/strong:usdt@25:29"", ""LONG/strong:лонг@32:36"", ""MODIFY_ENTRY/weak:вход@39:43"", ""entry/strong:вход:@39:44"", ""ADD_ENTRY/weak:усреднение@54:64"", ""ENTRY_FILLED/weak:усреднение@54:64"", ""entry/weak:усреднение@54:64"", ""AVERAG",ADAUSDT,LONG,ONE_SHOT,1,1:LIMIT:PRIMARY@0.38,0.3696,3,0.3904|0.4009|0.4113,,,,,,,COMPLETE
41,trader_a,SIGNAL,PARSED,1675,1159,,"[trader#A]

#среднесрок
#SOLUSDT 🐻 Шорт (вход с текущих)

Вход (2-фазный):
— Вход с текущих: 123.34
— Усреднение: 125.66

Стоп:
— SL: 131.31 🛡(от A: -6.5%, от B: -4.5%)

Тейки (среднесрок, 3 цели):
— TP1: 117.06 🎯 (от A: +5.1%, от B: +6.8%)
— TP2: 111.65 🎯 (от A: +9.5%, от B: +11.2%)
— TP3: 99.36 🎯 (от A: +19.4%, от B: +20.9%)",1.0,non_signal_intents_dropped_in_signal_message,"{""suppressed_intents"": [""MODIFY_ENTRY:вход с текущих"", ""MODIFY_ENTRY:вход с текущих""], ""matched_markers"": [""symbol/strong:usdt@27:31"", ""symbol/strong:usdt@27:31"", ""SHORT/strong:шорт@34:38"", ""entry/strong:(вход с текущих)@39:55"", ""MODIFY_ENTRY/weak:вход@40:44"", ""MODIFY_ENTRY/strong:вход с текущих@40:",SOLUSDT,SHORT,TWO_STEP,2,1:MARKET:PRIMARY@123.34|2:LIMIT:AVERAGING@125.66,131.31,3,117.06|111.65|99.36,,,,,,,COMPLETE
41,trader_a,SIGNAL,PARSED,1674,1160,,"[trader#A]

#среднесрок
#LINKUSDT 🐻 Шорт (вход с текущих)

Вход (2-фазный):
— Вход с текущих: 12.1930
— Усреднение: 12.4390

Стоп:
— SL: 13.5330 🛡(от A: -11.0%, от B: -8.8%)

Тейки (среднесрок, 3 цели):
— TP1: 9.5210 🎯 (от A: +21.9%, от B: +23.5%)
— TP2: 7.7210 🎯 (от A: +36.7%, от B: +37.9%)
— TP3: 5.7810 🎯 (от A: +52.6%, от B: +53.5%)",1.0,non_signal_intents_dropped_in_signal_message,"{""suppressed_intents"": [""MODIFY_ENTRY:вход с текущих"", ""MODIFY_ENTRY:вход с текущих""], ""matched_markers"": [""symbol/strong:usdt@28:32"", ""symbol/strong:usdt@28:32"", ""SHORT/strong:шорт@35:39"", ""entry/strong:(вход с текущих)@40:56"", ""MODIFY_ENTRY/weak:вход@41:45"", ""MODIFY_ENTRY/strong:вход с текущих@41:",LINKUSDT,SHORT,TWO_STEP,2,1:MARKET:PRIMARY@12.193|2:LIMIT:AVERAGING@12.439,13.533,3,9.521|7.721|5.781,,,,,,,COMPLETE
41,trader_a,SIGNAL,PARSED,1668,1168,,"[trader#A]

#среднесрок
#SUIUSDT 🐻 Шорт (вход с текущих)

Вход (2-фазный):
— Вход с текущих: 1.4096
— Усреднение: 1.4423

Стоп:
— SL: 1.5395 🛡(от A: -9.2%, от B: -6.7%)

Тейки (среднесрок, 3 цели):
— TP1: 1.3198 🎯 (от A: +6.4%, от B: +8.5%)
— TP2: 0.7269 🎯 (от A: +48.4%, от B: +49.6%)
— TP3: 0.6367 🎯 (от A: +54.8%, от B: +55.9%)",1.0,non_signal_intents_dropped_in_signal_message,"{""suppressed_intents"": [""MODIFY_ENTRY:вход с текущих"", ""MODIFY_ENTRY:вход с текущих""], ""matched_markers"": [""symbol/strong:usdt@27:31"", ""symbol/strong:usdt@27:31"", ""SHORT/strong:шорт@34:38"", ""entry/strong:(вход с текущих)@39:55"", ""MODIFY_ENTRY/weak:вход@40:44"", ""MODIFY_ENTRY/strong:вход с текущих@40:",SUIUSDT,SHORT,TWO_STEP,2,1:MARKET:PRIMARY@1.4096|2:LIMIT:AVERAGING@1.4423,1.5395,3,1.3198|0.7269|0.6367,,,,,,,COMPLETE
41,trader_a,SIGNAL,PARSED,1609,1260,,"[trader#A]

#среднесрок
#ASTERUSDT 🐻 Шорт (вход с текущих)

— Вход с текущих: 0.7196
— Усреднение: нет

— SL: 0.7463 🛡(от A: -3.7%, от B: —)

🎯 Тейки:
— TP1: 0.6481 🎯 (от A: +9.9%, от B: —)
— TP2: 0.6123 🎯 (от A: +14.9%, от B: —)
— TP3: 0.5603 🎯 (от A: +22.1%, от B: —)

Вход не более 1-2% от депозита

пробуем аккуратно, больше других сделок не будет. Рынок в неопределенности, лучше переждать  эту фазу

p.s. сугубо мое субъективное мнение",1.0,non_signal_intents_dropped_in_signal_message,"{""suppressed_intents"": [""MODIFY_ENTRY:вход с текущих"", ""MODIFY_ENTRY:вход с текущих""], ""matched_markers"": [""symbol/strong:usdt@29:33"", ""symbol/strong:usdt@29:33"", ""SHORT/strong:шорт@36:40"", ""entry/strong:(вход с текущих)@41:57"", ""MODIFY_ENTRY/weak:вход@42:46"", ""MODIFY_ENTRY/strong:вход с текущих@42:",ASTERUSDT,SHORT,ONE_SHOT,1,1:MARKET:PRIMARY@0.7196,0.7463,3,0.6481|0.6123|0.5603,Вход не более 1-2%,,1.0,2.0,,,COMPLETE
41,trader_a,SIGNAL,PARSED,1466,1482,,"[trader#А]

#среднесрок
#ZECUSDT 🐻 Шорт (вход с текущих)

Вход (2-фазный):
— Вход с текущих: 423.4800
— Усреднение: нет

Стоп:
— SL: 450.5400 🛡(от A: -6.4%, от B: -6.4%)

Тейки (среднесрок, 3 цели):
— TP1: 296.6500 🎯 (от A: 29.9%, от B: 29.9%)
— TP2: 274.0500 🎯 (от A: 35.3%, от B: 35.3%)
— TP3: 251.4500 🎯 (от A: 40.6%, от B: 40.6%)

Вход не более 1-2% от депозита",1.0,non_signal_intents_dropped_in_signal_message,"{""suppressed_intents"": [""MODIFY_ENTRY:вход с текущих"", ""MODIFY_ENTRY:вход с текущих""], ""matched_markers"": [""symbol/strong:usdt@27:31"", ""symbol/strong:usdt@27:31"", ""SHORT/strong:шорт@34:38"", ""entry/strong:(вход с текущих)@39:55"", ""MODIFY_ENTRY/weak:вход@40:44"", ""MODIFY_ENTRY/strong:вход с текущих@40:",ZECUSDT,SHORT,ONE_SHOT,1,1:MARKET:PRIMARY@423.48,450.54,3,296.65|274.05|251.45,Вход не более 1-2%,,1.0,2.0,,,COMPLETE
41,trader_a,SIGNAL,PARSED,1449,1506,,"[trader#А]

#среднесрок
#APTUSDT 🐻 Шорт (вход с текущих)

Вход (2-фазный):
— Вход с текущих: 1.8331
— Усреднение: нет

Стоп:
— SL: 1.9028 🛡(от A: -3.8%, от B: -3.8%)

Тейки (среднесрок, 3 цели):
— TP1: 1.7303 🎯 (от A: 5.6%, от B: 5.6%)
— TP2: 1.6646 🎯 (от A: 9.2%, от B: 9.2%)
— TP3: 1.4140 🎯 (от A: 22.9%, от B: 22.9%)

Вход не более 1-2% от депозита",1.0,non_signal_intents_dropped_in_signal_message,"{""suppressed_intents"": [""MODIFY_ENTRY:вход с текущих"", ""MODIFY_ENTRY:вход с текущих""], ""matched_markers"": [""symbol/strong:usdt@27:31"", ""symbol/strong:usdt@27:31"", ""SHORT/strong:шорт@34:38"", ""entry/strong:(вход с текущих)@39:55"", ""MODIFY_ENTRY/weak:вход@40:44"", ""MODIFY_ENTRY/strong:вход с текущих@40:",APTUSDT,SHORT,ONE_SHOT,1,1:MARKET:PRIMARY@1.8331,1.9028,3,1.7303|1.6646|1.414,Вход не более 1-2%,,1.0,2.0,,,COMPLETE
41,trader_a,SIGNAL,PARSED,1444,1516,,"[trader#А]

#среднесрок
#TIAUSDT 🐂 Лонг (вход с текущих)

Вход (2-фазный):
— Вход с текущих: 0.5508
— Усреднение: 0.5359

Стоп:
— SL: 0.5307 🛡(от A: -3.6%, от B: -1.0%)

Тейки (среднесрок, 3 цели):
— TP1: 0.5847 🎯 (от A: 6.2%, от B: 9.1%)
— TP2: 0.6084 🎯 (от A: 10.5%, от B: 13.5%)
— TP3: 0.6639 🎯 (от A: 20.5%, от B: 23.9%)

Вход не более 1-2% от депозита",1.0,non_signal_intents_dropped_in_signal_message,"{""suppressed_intents"": [""MODIFY_ENTRY:вход с текущих"", ""MODIFY_ENTRY:вход с текущих""], ""matched_markers"": [""symbol/strong:usdt@27:31"", ""symbol/strong:usdt@27:31"", ""LONG/strong:лонг@34:38"", ""entry/strong:(вход с текущих)@39:55"", ""MODIFY_ENTRY/weak:вход@40:44"", ""MODIFY_ENTRY/strong:вход с текущих@40:5",TIAUSDT,LONG,TWO_STEP,2,1:MARKET:PRIMARY@0.5508|2:LIMIT:AVERAGING@0.5359,0.5307,3,0.5847|0.6084|0.6639,Вход не более 1-2%,,1.0,2.0,,,COMPLETE
41,trader_a,SIGNAL,PARSED,1387,1591,1586,"#среднесрок
#HOOKUSDT 🐂 Лонг (вход с текущих)

Вход (2-фазный):
— Вход с текущих: 0.03992
— Усреднение: 0.03903

Стоп:
— SL: 0.03739 🛡(от A: -6.3%, от B: -4.2%)

Тейки (среднесрок, 3 цели):
— TP1: 0.04475 🎯 (от A: 12.1%, от B: 14.7%)
— TP2: 0.04612 🎯 (от A: 15.5%, от B: 18.2%)
— TP3: 0.04748 🎯 (от A: 18.9%, от B: 21.7%)

Вход не более 1-2% от депозита",1.0,non_signal_intents_dropped_in_signal_message,"{""suppressed_intents"": [""MODIFY_ENTRY:вход с текущих"", ""MODIFY_ENTRY:вход с текущих""], ""matched_markers"": [""symbol/strong:usdt@17:21"", ""symbol/strong:usdt@17:21"", ""LONG/strong:лонг@24:28"", ""entry/strong:(вход с текущих)@29:45"", ""MODIFY_ENTRY/weak:вход@30:34"", ""MODIFY_ENTRY/strong:вход с текущих@30:4",HOOKUSDT,LONG,TWO_STEP,2,1:MARKET:PRIMARY@0.03992|2:LIMIT:AVERAGING@0.03903,0.03739,3,0.04475|0.04612|0.04748,Вход не более 1-2%,,1.0,2.0,,,COMPLETE
41,trader_a,SIGNAL,PARSED,1386,1592,1587,"#среднесрок
#KASUSDT 🐂 Лонг (вход с текущих)

Вход (2-фазный):
— Вход с текущих: 0.04771
— Усреднение: 0.04679

Стоп:
— SL: 0.04518 🛡(от A: -5.3%, от B: -3.4%)

Тейки (среднесрок, 3 цели):
— TP1: 0.05084 🎯 (от A: 6.6%, от B: 8.7%)
— TP2: 0.05208 🎯 (от A: 9.2%, от B: 11.3%)
— TP3: 0.05909 🎯 (от A: 23.9%, от B: 26.3%)

Вход не более 1-2% от депозита",1.0,non_signal_intents_dropped_in_signal_message,"{""suppressed_intents"": [""MODIFY_ENTRY:вход с текущих"", ""MODIFY_ENTRY:вход с текущих""], ""matched_markers"": [""symbol/strong:usdt@16:20"", ""symbol/strong:usdt@16:20"", ""LONG/strong:лонг@23:27"", ""entry/strong:(вход с текущих)@28:44"", ""MODIFY_ENTRY/weak:вход@29:33"", ""MODIFY_ENTRY/strong:вход с текущих@29:4",KASUSDT,LONG,TWO_STEP,2,1:MARKET:PRIMARY@0.04771|2:LIMIT:AVERAGING@0.04679,0.04518,3,0.05084|0.05208|0.05909,Вход не более 1-2%,,1.0,2.0,,,COMPLETE
41,trader_a,SIGNAL,PARSED,1385,1593,1588,"#среднесрок
#STORJUSDT 🐂 Лонг (вход с текущих)

Вход (2-фазный):
— Вход с текущих: 0.14374
— Усреднение: 0.14092

Стоп:
— SL: 0.12912 🛡(от A: -10.2%, от B: -8.4%)

Тейки (среднесрок, 3 цели):
— TP1: 0.16986 🎯 (от A: 18.2%, от B: 20.5%)
— TP2: 0.17561 🎯 (от A: 22.2%, от B: 24.6%)
— TP3: 0.18137 🎯 (от A: 26.2%, от B: 28.7%)

Вход не более 1-2% от депозита",1.0,non_signal_intents_dropped_in_signal_message,"{""suppressed_intents"": [""MODIFY_ENTRY:вход с текущих"", ""MODIFY_ENTRY:вход с текущих""], ""matched_markers"": [""symbol/strong:usdt@18:22"", ""symbol/strong:usdt@18:22"", ""LONG/strong:лонг@25:29"", ""entry/strong:(вход с текущих)@30:46"", ""MODIFY_ENTRY/weak:вход@31:35"", ""MODIFY_ENTRY/strong:вход с текущих@31:4",STORJUSDT,LONG,TWO_STEP,2,1:MARKET:PRIMARY@0.14374|2:LIMIT:AVERAGING@0.14092,0.12912,3,0.16986|0.17561|0.18137,Вход не более 1-2%,,1.0,2.0,,,COMPLETE
41,trader_a,SIGNAL,PARSED,1384,1594,1590,"#среднесрок
#TLMUSDT 🐂 Лонг (вход с текущих)

Вход (2-фазный):
— Вход с текущих: 0.002484
— Усреднение: 0.002436

Стоп:
— SL: 0.002261 🛡(от A: -9.0%, от B: -7.2%)

Тейки (среднесрок, 3 цели):
— TP1: 0.002789 🎯 (от A: 12.3%, от B: 14.5%)
— TP2: 0.002862 🎯 (от A: 15.2%, от B: 17.5%)
— TP3: 0.003819 🎯 (от A: 53.7%, от B: 56.8%)

Вход не более 1-2% от депозита",1.0,non_signal_intents_dropped_in_signal_message,"{""suppressed_intents"": [""MODIFY_ENTRY:вход с текущих"", ""MODIFY_ENTRY:вход с текущих""], ""matched_markers"": [""symbol/strong:usdt@16:20"", ""symbol/strong:usdt@16:20"", ""LONG/strong:лонг@23:27"", ""entry/strong:(вход с текущих)@28:44"", ""MODIFY_ENTRY/weak:вход@29:33"", ""MODIFY_ENTRY/strong:вход с текущих@29:4",TLMUSDT,LONG,TWO_STEP,2,1:MARKET:PRIMARY@0.002484|2:LIMIT:AVERAGING@0.002436,0.002261,3,0.002789|0.002862|0.003819,Вход не более 1-2%,,1.0,2.0,,,COMPLETE
41,trader_a,SIGNAL,PARSED,1380,1599,1598,"#среднесрок
#JASMYUSDT 🐂 Лонг (вход с текущих)

Вход (2-фазный):
— Вход с текущих: 0.008648
— Усреднение: 0.008243

Стоп:
— SL: 0.008151 🛡(от A: -5.7%, от B: -1.1%)

Тейки (среднесрок, 3 цели):
— TP1: 0.009500 🎯 (от A: 9.9%, от B: 15.2%)
— TP2: 0.009810 🎯 (от A: 13.4%, от B: 19.0%)
— TP3: 0.009858 🎯 (от A: 14.0%, от B: 19.6%)

Вход не более 1-2% от депозита",1.0,non_signal_intents_dropped_in_signal_message,"{""suppressed_intents"": [""MODIFY_ENTRY:вход с текущих"", ""MODIFY_ENTRY:вход с текущих""], ""matched_markers"": [""symbol/strong:usdt@18:22"", ""symbol/strong:usdt@18:22"", ""LONG/strong:лонг@25:29"", ""entry/strong:(вход с текущих)@30:46"", ""MODIFY_ENTRY/weak:вход@31:35"", ""MODIFY_ENTRY/strong:вход с текущих@31:4",JASMYUSDT,LONG,TWO_STEP,2,1:MARKET:PRIMARY@0.008648|2:LIMIT:AVERAGING@0.008243,0.008151,3,0.0095|0.00981|0.009858,Вход не более 1-2%,,1.0,2.0,,,COMPLETE
41,trader_a,SIGNAL,PARSED,1363,1619,,"[trader#А]

#интрадей
#TRBUSDT 🐂 Лонг с текущих

— Вход: 22.752
— Усреднение: нет

— SL: 21.978 🛡 (3.4%)

🎯 Тейки:
— TP1: 23.526 (+3.4%)
— TP2: 24.299 (+6.8%)
— TP3: 25.073 (+10.2%)

Вход на 1% риска",1.0,non_signal_intents_dropped_in_signal_message,"{""suppressed_intents"": [""MODIFY_ENTRY:лонг с текущих""], ""matched_markers"": [""symbol/strong:usdt@25:29"", ""symbol/strong:usdt@25:29"", ""LONG/strong:лонг@32:36"", ""MODIFY_ENTRY/strong:лонг с текущих@32:46"", ""MARKET_NOW/strong:лонг с текущих@32:46"", ""MODIFY_ENTRY/weak:с текущих@37:46"", ""MODIFY_ENTRY/weak:",TRBUSDT,LONG,ONE_SHOT,1,1:LIMIT:PRIMARY@22.752,21.978,3,23.526|24.299|25.073,Вход на 1%,1.0,,,,,COMPLETE
41,trader_a,SIGNAL,PARSED,1362,1620,,"[trader#А]

#интрадей
#API3USDT 🐂 Лонг

— Вход: 0.4655
— Усреднение: нет

— SL: 0.4497 🛡 (3.4%)

🎯 Тейки:
— TP1: 0.4813 (+3.4%)
— TP2: 0.4972 (+6.8%)
— TP3: 0.5130 (+10.2%)

Вход на 1% риска",1.0,non_signal_intents_dropped_in_signal_message,"{""suppressed_intents"": [], ""matched_markers"": [""symbol/strong:usdt@26:30"", ""symbol/strong:usdt@26:30"", ""LONG/strong:лонг@33:37"", ""MODIFY_ENTRY/weak:вход@40:44"", ""entry/strong:вход:@40:45"", ""ADD_ENTRY/weak:усреднение@55:65"", ""ENTRY_FILLED/weak:усреднение@55:65"", ""entry/weak:усреднение@55:65"", ""AVERAG",API3USDT,LONG,ONE_SHOT,1,1:LIMIT:PRIMARY@0.4655,0.4497,3,0.4813|0.4972|0.513,Вход на 1%,1.0,,,,,COMPLETE
41,trader_a,SIGNAL,PARSED,1336,1654,,"[trader#A]

#среднесрок
#DOGEUSDT 🐻 Шорт (вход с текущих)

— Вход с текущих: 0.1431
— Усреднение: 0.1463

— SL: 0.1519 🛡(от A: -6.1%, от B: -3.8%)

🎯 Тейки:
— TP1: 0.1367 🎯 (от A: +4.5%, от B: +6.6%)
— TP2: 0.1299 🎯 (от A: +9.2%, от B: +11.2%)
— TP3: 0.1207 🎯 (от A: +15.7%, от B: +17.5%)

Вход не более 1-2% от депозита",1.0,non_signal_intents_dropped_in_signal_message,"{""suppressed_intents"": [""MODIFY_ENTRY:вход с текущих"", ""MODIFY_ENTRY:вход с текущих""], ""matched_markers"": [""symbol/strong:usdt@28:32"", ""symbol/strong:usdt@28:32"", ""SHORT/strong:шорт@35:39"", ""entry/strong:(вход с текущих)@40:56"", ""MODIFY_ENTRY/weak:вход@41:45"", ""MODIFY_ENTRY/strong:вход с текущих@41:",DOGEUSDT,SHORT,TWO_STEP,2,1:MARKET:PRIMARY@0.1431|2:LIMIT:AVERAGING@0.1463,0.1519,3,0.1367|0.1299|0.1207,Вход не более 1-2%,,1.0,2.0,,,COMPLETE
41,trader_a,SIGNAL,PARSED,1311,1685,1684,"#среднесрок
#MOVRUSDT 🐻 Шорт (вход с текущих)

Вход (2-фазный):
— Вход с текущих: 2.5300
— Усреднение: нет

Стоп:
— SL: 2.6760 🛡(от A: -5.8%, от B: -5.8%)

Тейки (среднесрок, 3 цели):
— TP1: 2.2720 🎯 (от A: 10.2%, от B: 10.2%)
— TP2: 2.1990 🎯 (от A: 13.1%, от B: 13.1%)
— TP3: 2.1260 🎯 (от A: 16.0%, от B: 16.0%)

Вход не более 1-2% от депозита",1.0,non_signal_intents_dropped_in_signal_message,"{""suppressed_intents"": [""MODIFY_ENTRY:вход с текущих"", ""MODIFY_ENTRY:вход с текущих""], ""matched_markers"": [""symbol/strong:usdt@17:21"", ""symbol/strong:usdt@17:21"", ""SHORT/strong:шорт@24:28"", ""entry/strong:(вход с текущих)@29:45"", ""MODIFY_ENTRY/weak:вход@30:34"", ""MODIFY_ENTRY/strong:вход с текущих@30:",MOVRUSDT,SHORT,ONE_SHOT,1,1:MARKET:PRIMARY@2.53,2.676,3,2.272|2.199|2.126,Вход не более 1-2%,,1.0,2.0,,,COMPLETE
41,trader_a,SIGNAL,PARSED,1295,1704,,"[trader#A]

#среднесрок
#PENDLEUSDT 🐻 Шорт (вход с текущих)

Вход (2-фазный):
— Вход с текущих: 2.0623
— Усреднение: 2.1306

Стоп:
— SL: 2.2090 🛡(от A: -7.1%, от B: -3.7%)

Тейки (среднесрок, 3 цели):
— TP1: 1.8148 🎯 (от A: 12.0%, от B: 14.8%)
— TP2: 1.7436 🎯 (от A: 15.5%, от B: 18.2%)
— TP3: 1.6533 🎯 (от A: 19.8%, от B: 22.4%)

Вход не более 1-2% от депозита",1.0,non_signal_intents_dropped_in_signal_message,"{""suppressed_intents"": [""MODIFY_ENTRY:вход с текущих"", ""MODIFY_ENTRY:вход с текущих""], ""matched_markers"": [""symbol/strong:usdt@30:34"", ""symbol/strong:usdt@30:34"", ""SHORT/strong:шорт@37:41"", ""entry/strong:(вход с текущих)@42:58"", ""MODIFY_ENTRY/weak:вход@43:47"", ""MODIFY_ENTRY/strong:вход с текущих@43:",PENDLEUSDT,SHORT,TWO_STEP,2,1:MARKET:PRIMARY@2.0623|2:LIMIT:AVERAGING@2.1306,2.209,3,1.8148|1.7436|1.6533,Вход не более 1-2%,,1.0,2.0,,,COMPLETE
41,trader_a,SIGNAL,PARSED,1294,1706,,"[trader#A]


#среднесрок
#ZECUSDT 🐻 Шорт (вход с текущих)

Вход (2-фазный):
— Вход с текущих: 403.3200
— Усреднение: 417.3700

Стоп:
— SL: 438.6600 🛡(от A: -8.8%, от B: -5.1%)

Тейки (среднесрок, 3 цели):
— TP1: 297.5300 🎯 (от A: 26.2%, от B: 28.7%)
— TP2: 276.7700 🎯 (от A: 31.4%, от B: 33.7%)
— TP3: 256.0100 🎯 (от A: 36.5%, от B: 38.7%)

Вход не более 1-2% от депозита",1.0,non_signal_intents_dropped_in_signal_message,"{""suppressed_intents"": [""MODIFY_ENTRY:вход с текущих"", ""MODIFY_ENTRY:вход с текущих""], ""matched_markers"": [""symbol/strong:usdt@27:31"", ""symbol/strong:usdt@27:31"", ""SHORT/strong:шорт@34:38"", ""entry/strong:(вход с текущих)@39:55"", ""MODIFY_ENTRY/weak:вход@40:44"", ""MODIFY_ENTRY/strong:вход с текущих@40:",ZECUSDT,SHORT,TWO_STEP,2,1:MARKET:PRIMARY@403.32|2:LIMIT:AVERAGING@417.37,438.66,3,297.53|276.77|256.01,Вход не более 1-2%,,1.0,2.0,,,COMPLETE
41,trader_a,SIGNAL,PARSED,1282,1725,1724,"#среднесрок

#ILVUSDT 🐂 Лонг (вход с текущих)

Вход (2-фазный):
— Вход с текущих: 6.6120
— Усреднение: нет

Стоп:
— SL: 6.2580 🛡(от A: -5.4%, от B: -5.4%)

Тейки (среднесрок, 3 цели):
— TP1: 7.6010 🎯 (от A: 15.0%, от B: 15.0%)
— TP2: 7.7930 🎯 (от A: 17.9%, от B: 17.9%)
— TP3: 10.4170 🎯 (от A: 57.5%, от B: 57.5%)",1.0,non_signal_intents_dropped_in_signal_message,"{""suppressed_intents"": [""MODIFY_ENTRY:вход с текущих"", ""MODIFY_ENTRY:вход с текущих""], ""matched_markers"": [""symbol/strong:usdt@16:20"", ""symbol/strong:usdt@16:20"", ""LONG/strong:лонг@23:27"", ""entry/strong:(вход с текущих)@28:44"", ""MODIFY_ENTRY/weak:вход@29:33"", ""MODIFY_ENTRY/strong:вход с текущих@29:4",ILVUSDT,LONG,ONE_SHOT,1,1:MARKET:PRIMARY@6.612,6.258,3,7.601|7.793|10.417,,,,,,,COMPLETE
41,trader_a,SIGNAL,PARSED,1281,1726,1723,"#среднесрок

#APEUSDT 🐂 Лонг (вход с текущих)

Вход (2-фазный):
— Вход с текущих: 0.22640
— Усреднение: 0.22120

Стоп:— SL: 0.20553 🛡(от A: -9.2%, от B: -7.1%)

Тейки (среднесрок, 3 цели):

— TP1: 0.26910 🎯 (от A: 18.9%, от B: 21.7%)
— TP2: 0.27659 🎯 (от A: 22.2%, от B: 25.0%)
— TP3: 0.28408 🎯 (от A: 25.5%, от B: 28.4%)

Вход не более 1-2% от депозита",1.0,non_signal_intents_dropped_in_signal_message,"{""suppressed_intents"": [""MODIFY_ENTRY:вход с текущих"", ""MODIFY_ENTRY:вход с текущих""], ""matched_markers"": [""symbol/strong:usdt@16:20"", ""symbol/strong:usdt@16:20"", ""LONG/strong:лонг@23:27"", ""entry/strong:(вход с текущих)@28:44"", ""MODIFY_ENTRY/weak:вход@29:33"", ""MODIFY_ENTRY/strong:вход с текущих@29:4",APEUSDT,LONG,TWO_STEP,2,1:MARKET:PRIMARY@0.2264|2:LIMIT:AVERAGING@0.2212,0.20553,3,0.2691|0.27659|0.28408,Вход не более 1-2%,,1.0,2.0,,,COMPLETE
41,trader_a,SIGNAL,PARSED,1275,1738,,"[trader#A]

#среднесрок
#CYBERUSDT 🐻 Шорт (вход с текущих)

Вход (2-фазный):
— Вход с текущих: 0.7530
— Усреднение: нет

Стоп:
— SL: 0.7822 🛡(от A: -3.9%, от B: -3.9%)

Тейки (среднесрок, 3 цели):
— TP1: 0.6132 🎯 (от A: 18.6%, от B: 18.6%)
— TP2: 0.5889 🎯 (от A: 21.8%, от B: 21.8%)
— TP3: 0.5645 🎯 (от A: 25.0%, от B: 25.0%)

Вход не более 1-2% от депозита",1.0,non_signal_intents_dropped_in_signal_message,"{""suppressed_intents"": [""MODIFY_ENTRY:вход с текущих"", ""MODIFY_ENTRY:вход с текущих""], ""matched_markers"": [""symbol/strong:usdt@29:33"", ""symbol/strong:usdt@29:33"", ""SHORT/strong:шорт@36:40"", ""entry/strong:(вход с текущих)@41:57"", ""MODIFY_ENTRY/weak:вход@42:46"", ""MODIFY_ENTRY/strong:вход с текущих@42:",CYBERUSDT,SHORT,ONE_SHOT,1,1:MARKET:PRIMARY@0.753,0.7822,3,0.6132|0.5889|0.5645,Вход не более 1-2%,,1.0,2.0,,,COMPLETE
41,trader_a,SIGNAL,PARSED,1263,1756,,"[trader#A]

#среднесрок
#SUIUSDT 🐂 Лонг (вход с текущих)

— Вход с текущих: 1.5926
— Усреднение: 1.5551

— SL: 1.4901 🛡(от A: -6.4%, от B: -4.2%)

🎯 Тейки:
— TP1: 1.6844 🎯 (от A: +5.8%, от B: +8.3%)
— TP2: 1.7620 🎯 (от A: +10.6%, от B: +13.3%)
— TP3: 1.9371 🎯 (от A: +21.6%, от B: +24.6%)

Вход не более 1–2% от депозита",1.0,non_signal_intents_dropped_in_signal_message,"{""suppressed_intents"": [""MODIFY_ENTRY:вход с текущих"", ""MODIFY_ENTRY:вход с текущих""], ""matched_markers"": [""symbol/strong:usdt@27:31"", ""symbol/strong:usdt@27:31"", ""LONG/strong:лонг@34:38"", ""entry/strong:(вход с текущих)@39:55"", ""MODIFY_ENTRY/weak:вход@40:44"", ""MODIFY_ENTRY/strong:вход с текущих@40:5",SUIUSDT,LONG,TWO_STEP,2,1:MARKET:PRIMARY@1.5926|2:LIMIT:AVERAGING@1.5551,1.4901,3,1.6844|1.762|1.9371,Вход не более 1–2%,,1.0,2.0,,,COMPLETE
41,trader_a,SIGNAL,PARSED,1262,1760,,"[trader#A]

#среднесрок
#LINKUSDT 🐻 Шорт с текущих

— Вход: 12.824
— Усреднение: нет

— SL: 13.393 🛡 4.4% риска

🎯 Тейки:
— TP1: 12.324 +3.9%
— TP2: 12.019 +6.3%
— TP3: 11.623 +9.4%

Вход не более 1-2% от депозита.",1.0,non_signal_intents_dropped_in_signal_message,"{""suppressed_intents"": [""MODIFY_ENTRY:шорт с текущих""], ""matched_markers"": [""symbol/strong:usdt@28:32"", ""symbol/strong:usdt@28:32"", ""SHORT/strong:шорт@35:39"", ""MODIFY_ENTRY/strong:шорт с текущих@35:49"", ""MARKET_NOW/strong:шорт с текущих@35:49"", ""MODIFY_ENTRY/weak:с текущих@40:49"", ""MODIFY_ENTRY/weak",LINKUSDT,SHORT,ONE_SHOT,1,1:LIMIT:PRIMARY@12.824,13.393,3,12.324|12.019|11.623,Вход не более 1-2%,,1.0,2.0,,,COMPLETE
41,trader_a,SIGNAL,PARSED,1254,1774,,"[trader#A]

#среднесрок
#AXSUSDT 🐂 Лонг 

— Вход лимитным ордером: 1.844
— Усреднение: нет

— SL: 1.7917 🛡 2.8%

🎯 Тейки:
— TP1: 2.0421 +10.8%
— TP2: 2.1417 +16.1%
— TP3: 2.1990 +19.3%

Вход не более 1-2% от депозита",1.0,non_signal_intents_dropped_in_signal_message,"{""suppressed_intents"": [], ""matched_markers"": [""leverage/weak:x@25:26"", ""symbol/strong:usdt@27:31"", ""symbol/strong:usdt@27:31"", ""LONG/strong:лонг@34:38"", ""MODIFY_ENTRY/weak:вход@41:45"", ""entry/strong:вход лимитным ордером@41:62"", ""LIMIT/strong:вход лимитным ордером@41:62"", ""LIMIT/strong:лимитным орд",AXSUSDT,LONG,ONE_SHOT,1,1:LIMIT:PRIMARY@1.844,1.7917,3,2.0421|2.1417|2.199,Вход не более 1-2%,,1.0,2.0,,,COMPLETE
41,trader_a,SIGNAL,PARSED,1237,1798,,"[trader#A]

#среднесрок
#FARTCOINUSDT 🐂 Лонг (вход с текущих)

— Вход с текущих: 0.3032
— Усреднение: 0.2912

— SL: 0.2606 🛡(от A: -14.1%, от B: -10.5%)

— TP1: 0.3507 🎯 (от A: +15.7%, от B: +20.4%)
— TP2: 0.3713 🎯 (от A: +22.5%, от B: +27.5%)
— TP3: 0.3893 🎯 (от A: +28.4%, от B: +33.7%)

Вход не более 1% от депозита",1.0,non_signal_intents_dropped_in_signal_message,"{""suppressed_intents"": [""MODIFY_ENTRY:вход с текущих"", ""MODIFY_ENTRY:вход с текущих""], ""matched_markers"": [""symbol/strong:usdt@32:36"", ""symbol/strong:usdt@32:36"", ""LONG/strong:лонг@39:43"", ""entry/strong:(вход с текущих)@44:60"", ""MODIFY_ENTRY/weak:вход@45:49"", ""MODIFY_ENTRY/strong:вход с текущих@45:5",FARTCOINUSDT,LONG,TWO_STEP,2,1:MARKET:PRIMARY@0.3032|2:LIMIT:AVERAGING@0.2912,0.2606,3,0.3507|0.3713|0.3893,Вход не более 1%,1.0,,,,,COMPLETE
41,trader_a,SIGNAL,PARSED,1236,1799,,"[trader#A]


#среднесрок
#ASTERUSDT 🐂 Лонг (вход с текущих)

— Вход с текущих: 0.5907
— Усреднение: 0.5725

— SL: 0.5273 🛡(от A: -10.7%, от B: -7.9%)

— TP1: 0.6369 🎯 (от A: +7.8%, от B: +11.2%)
— TP2: 0.6969 🎯 (от A: +18.0%, от B: +21.7%)
— TP3: 0.7961 🎯 (от A: +34.8%, от B: +39.1%)

— Спот (цель по 1W-ТФ): 1.0671 💫 (от A: +80.7%)

— Вход не более 1% от депозита",1.0,non_signal_intents_dropped_in_signal_message,"{""suppressed_intents"": [""MODIFY_ENTRY:вход с текущих"", ""MODIFY_ENTRY:вход с текущих""], ""matched_markers"": [""symbol/strong:usdt@29:33"", ""symbol/strong:usdt@29:33"", ""LONG/strong:лонг@36:40"", ""entry/strong:(вход с текущих)@41:57"", ""MODIFY_ENTRY/weak:вход@42:46"", ""MODIFY_ENTRY/strong:вход с текущих@42:5",ASTERUSDT,LONG,TWO_STEP,2,1:MARKET:PRIMARY@0.5907|2:LIMIT:AVERAGING@0.5725,0.5273,3,0.6369|0.6969|0.7961,Вход не более 1%,1.0,,,,,COMPLETE
41,trader_a,SIGNAL,PARSED,1235,1800,,"[trader#A]

#среднесрок
#DOGEUSDT 🐂 Лонг (вход с текущих)

— Вход с текущих: 0.1264
— Усреднение: —

— SL: 0.1169 🛡(от A: -7.5%, от B: —)

— TP1: 0.1354 🎯 (от A: +7.1%, от B: —)
— TP2: 0.1404 🎯 (от A: +11.1%, от B: —)
— TP3: 0.1512 🎯 (от A: +19.6%, от B: —)

Вход не более 1% от депозита",1.0,non_signal_intents_dropped_in_signal_message,"{""suppressed_intents"": [""MODIFY_ENTRY:вход с текущих"", ""MODIFY_ENTRY:вход с текущих""], ""matched_markers"": [""symbol/strong:usdt@28:32"", ""symbol/strong:usdt@28:32"", ""LONG/strong:лонг@35:39"", ""entry/strong:(вход с текущих)@40:56"", ""MODIFY_ENTRY/weak:вход@41:45"", ""MODIFY_ENTRY/strong:вход с текущих@41:5",DOGEUSDT,LONG,ONE_SHOT,1,1:MARKET:PRIMARY@0.1264,0.1169,3,0.1354|0.1404|0.1512,Вход не более 1%,1.0,,,,,COMPLETE
41,trader_a,SIGNAL,PARSED,1230,1806,,"[trader#A]

#среднесрок
#1000PEPEUSDT 🐂 Лонг (вход с текущих)

Вход (2-фазный):
— Вход с текущих: 0.005044
— Усреднение: 0.004903

Стоп:
— SL: 0.004619 🛡(от A: -8.4%, от B: -5.8%)

Тейки (среднесрок, 3 цели):
— TP1: 0.005545 🎯 (от A: +9.9%, от B: +13.1%)
— TP2: 0.005893 🎯 (от A: +16.8%, от B: +20.2%)
— TP3: 0.006489 🎯 (от A: +28.6%, от B: +32.3%)",1.0,non_signal_intents_dropped_in_signal_message,"{""suppressed_intents"": [""MODIFY_ENTRY:вход с текущих"", ""MODIFY_ENTRY:вход с текущих""], ""matched_markers"": [""symbol/strong:usdt@32:36"", ""symbol/strong:usdt@32:36"", ""LONG/strong:лонг@39:43"", ""entry/strong:(вход с текущих)@44:60"", ""MODIFY_ENTRY/weak:вход@45:49"", ""MODIFY_ENTRY/strong:вход с текущих@45:5",1000PEPEUSDT,LONG,TWO_STEP,2,1:MARKET:PRIMARY@0.005044|2:LIMIT:AVERAGING@0.004903,0.004619,3,0.005545|0.005893|0.006489,,,,,,,COMPLETE
41,trader_a,SIGNAL,PARSED,1229,1807,,"[trader#A]

#среднесрок
#ENAUSDT 🟢 Лонг (вход с текущих)

Вход (2-фазный):
— Вход с текущих: 0.1828
— Усреднение: — 
Стоп:
— SL: 0.1653 🛡(от A: -9.6%, от B: —)

Тейки (среднесрок, 3 цели):
— TP1: 0.2008 🎯 (от A: +9.8%, от B: —)
— TP2: 0.2086 🎯 (от A: +14.1%, от B: —)
— TP3: 0.2387 🎯 (от A: +30.6%, от B: —)",1.0,non_signal_intents_dropped_in_signal_message,"{""suppressed_intents"": [""MODIFY_ENTRY:вход с текущих"", ""MODIFY_ENTRY:вход с текущих""], ""matched_markers"": [""symbol/strong:usdt@27:31"", ""symbol/strong:usdt@27:31"", ""LONG/strong:лонг@34:38"", ""entry/strong:(вход с текущих)@39:55"", ""MODIFY_ENTRY/weak:вход@40:44"", ""MODIFY_ENTRY/strong:вход с текущих@40:5",ENAUSDT,LONG,ONE_SHOT,1,1:MARKET:PRIMARY@0.1828,0.1653,3,0.2008|0.2086|0.2387,,,,,,,COMPLETE
41,trader_a,SIGNAL,PARSED,1225,1812,,"[trader#A]

#среднесрок
#C98USDT 🐂 Лонг (вход с текущих)

— Вход с текущих: 0.02245
— Усреднение: 0.02189

— SL: 0.02093 🛡(от A: -6.8%, от B: -4.4%)

— TP1: 0.02379 🎯 (от A: +6.0%, от B: +8.7%)
— TP2: 0.02527 🎯 (от A: +12.6%, от B: +15.4%)
— TP3: 0.02649 🎯 (от A: +18.0%, от B: +21.0%)",1.0,non_signal_intents_dropped_in_signal_message,"{""suppressed_intents"": [""MODIFY_ENTRY:вход с текущих"", ""MODIFY_ENTRY:вход с текущих""], ""matched_markers"": [""symbol/strong:usdt@27:31"", ""symbol/strong:usdt@27:31"", ""LONG/strong:лонг@34:38"", ""entry/strong:(вход с текущих)@39:55"", ""MODIFY_ENTRY/weak:вход@40:44"", ""MODIFY_ENTRY/strong:вход с текущих@40:5",C98USDT,LONG,TWO_STEP,2,1:MARKET:PRIMARY@0.02245|2:LIMIT:AVERAGING@0.02189,0.02093,3,0.02379|0.02527|0.02649,,,,,,,COMPLETE
41,trader_a,SIGNAL,PARSED,1210,1830,,"[trader#A]

#среднесрок
#BTCUSDT 🐻 Шорт вход с текущих


— Вход (A): 87600
— Вход (B): - 

— SL: 93558 🛡 (от A: -6.3%, от B: -)

— TP: 76201 🎯 (от A: +13.4%, от B: -)",1.0,,"{""suppressed_intents"": [""MODIFY_ENTRY:вход с текущих""], ""matched_markers"": [""symbol/strong:usdt@27:31"", ""symbol/strong:usdt@27:31"", ""SHORT/strong:шорт@34:38"", ""MODIFY_ENTRY/weak:вход@39:43"", ""MODIFY_ENTRY/strong:вход с текущих@39:53"", ""MARKET/strong:вход с текущих@39:53"", ""MARKET_NOW/strong:вход с т",BTCUSDT,SHORT,ONE_SHOT,1,1:LIMIT:PRIMARY@87600.0,93558.0,1,76201.0,,,,,,,COMPLETE
41,trader_a,SIGNAL,PARSED,1208,1832,,"[trader#A]

#среднесрок
#ETHUSDT 🐻 Шорт вход с текущих

— Вход (A): 2906
— Вход (B): -

— SL: 3244 🛡 (от A: -11.6%, от B: -)

— TP: 2228 🎯 (от A: +23.3%, от B: -)",1.0,,"{""suppressed_intents"": [""MODIFY_ENTRY:вход с текущих""], ""matched_markers"": [""symbol/strong:usdt@27:31"", ""symbol/strong:usdt@27:31"", ""SHORT/strong:шорт@34:38"", ""MODIFY_ENTRY/weak:вход@39:43"", ""MODIFY_ENTRY/strong:вход с текущих@39:53"", ""MARKET/strong:вход с текущих@39:53"", ""MARKET_NOW/strong:вход с т",ETHUSDT,SHORT,ONE_SHOT,1,1:LIMIT:PRIMARY@2906.0,3244.0,1,2228.0,,,,,,,COMPLETE
41,trader_a,SIGNAL,PARSED,1172,1909,,"[trader#A]

#среднесрок
#BTCUSDT 🐻 Шорт (вход с текущих)

— Вход с текущих: 87 786.90
— Усреднение: -

— SL: 90 861.40 🛡(от A: -3.5%, от B: -)

— TP1: 83 863.70 🎯 (от A: +4.5%, от B: -)
— TP2: 77 180.80 🎯 (от A: +12.1%, от B: -)
— TP3: 69 480.60 🎯 (от A: +20.9%, от B: -)

Вход не более 1-2% от депозита.",1.0,non_signal_intents_dropped_in_signal_message,"{""suppressed_intents"": [""MODIFY_ENTRY:вход с текущих"", ""MODIFY_ENTRY:вход с текущих""], ""matched_markers"": [""symbol/strong:usdt@27:31"", ""symbol/strong:usdt@27:31"", ""SHORT/strong:шорт@34:38"", ""entry/strong:(вход с текущих)@39:55"", ""MODIFY_ENTRY/weak:вход@40:44"", ""MODIFY_ENTRY/strong:вход с текущих@40:",BTCUSDT,SHORT,ONE_SHOT,1,1:MARKET:PRIMARY@87786.9,90861.4,3,83863.7|77180.8|69480.6,Вход не более 1-2%,,1.0,2.0,,,COMPLETE
41,trader_a,SIGNAL,PARSED,1171,1911,,"[trader#A]


#среднесрок
#DOGEUSDT 🐻 Шорт (вход с текущих)

— Вход с текущих: 0.1223
— Усреднение: 0.1241

— SL: 0.1279 🛡(от A: -4.6%, от B: -3.1%)

— TP1: 0.1169 🎯 (от A: +4.4%, от B: +5.8%)
— TP2: 0.1124 🎯 (от A: +8.1%, от B: +9.4%)
— TP3: 0.1058 🎯 (от A: +13.5%, от B: +14.7%)

1-2% от депозита",1.0,non_signal_intents_dropped_in_signal_message,"{""suppressed_intents"": [""MODIFY_ENTRY:вход с текущих"", ""MODIFY_ENTRY:вход с текущих""], ""matched_markers"": [""symbol/strong:usdt@28:32"", ""symbol/strong:usdt@28:32"", ""SHORT/strong:шорт@35:39"", ""entry/strong:(вход с текущих)@40:56"", ""MODIFY_ENTRY/weak:вход@41:45"", ""MODIFY_ENTRY/strong:вход с текущих@41:",DOGEUSDT,SHORT,TWO_STEP,2,1:MARKET:PRIMARY@0.1223|2:LIMIT:AVERAGING@0.1241,0.1279,3,0.1169|0.1124|0.1058,2% от депозита,2.0,,,,,COMPLETE
41,trader_a,SIGNAL,PARSED,1169,1913,,"[trader#A]
#среднесрок
#XRPUSDT 🐻 Шорт (вход с текущих)

— Вход с текущих: 1.8817
— Усреднение: 1.9092

— SL: 2.0373 🛡 (от A: -8.3%, от B: -6.7%)

— TP1: 1.7763 🎯 (от A: +5.6%, от B: +7.0%)
— TP2: 1.3017 🎯 (от A: +30.8%, от B: +31.8%)
— TP3: 1.1423 🎯 (от A: +39.3%, от B: +40.2%)

Вход не более 1–2% от депозита",1.0,non_signal_intents_dropped_in_signal_message,"{""suppressed_intents"": [""MODIFY_ENTRY:вход с текущих"", ""MODIFY_ENTRY:вход с текущих""], ""matched_markers"": [""leverage/weak:x@24:25"", ""symbol/strong:usdt@27:31"", ""symbol/strong:usdt@27:31"", ""SHORT/strong:шорт@34:38"", ""entry/strong:(вход с текущих)@39:55"", ""MODIFY_ENTRY/weak:вход@40:44"", ""MODIFY_ENTRY/",XRPUSDT,SHORT,TWO_STEP,2,1:MARKET:PRIMARY@1.8817|2:LIMIT:AVERAGING@1.9092,2.0373,3,1.7763|1.3017|1.1423,Вход не более 1–2%,,1.0,2.0,,,COMPLETE
41,trader_a,SIGNAL,PARSED,1164,1924,,"[trader#A]

#среднесрок
#ASTERUSDT 🐻 Шорт (вход с текущих)

— Вход с текущих: 0.6818
— Усреднение: 0.7027

— SL: 0.7427 🛡(от A: -8.9%, от B: -5.7%)

— TP1: 0.6337 🎯 (от A: +7.1%, от B: +9.8%)
— TP2: 0.5899 🎯 (от A: +13.5%, от B: +16.1%)
— TP3: 0.5341 🎯 (от A: +21.7%, от B: +24.0%)

— Вход не более 1-2% от депозита",1.0,non_signal_intents_dropped_in_signal_message,"{""suppressed_intents"": [""MODIFY_ENTRY:вход с текущих"", ""MODIFY_ENTRY:вход с текущих""], ""matched_markers"": [""symbol/strong:usdt@29:33"", ""symbol/strong:usdt@29:33"", ""SHORT/strong:шорт@36:40"", ""entry/strong:(вход с текущих)@41:57"", ""MODIFY_ENTRY/weak:вход@42:46"", ""MODIFY_ENTRY/strong:вход с текущих@42:",ASTERUSDT,SHORT,TWO_STEP,2,1:MARKET:PRIMARY@0.6818|2:LIMIT:AVERAGING@0.7027,0.7427,3,0.6337|0.5899|0.5341,Вход не более 1-2%,,1.0,2.0,,,COMPLETE
41,trader_a,SIGNAL,PARSED,1163,1927,,"[trader#A]

#среднесрок
#AAVEUSDT 🐻 Шорт (вход с текущих) 


— Вход с текущих: 160.23
— Усреднение: 162.89

— SL: 167.37 🛡(от A: -4.5%, от B: -2.8%)

— TP1: 152.93 🎯 (от A: +4.6%, от B: +6.1%)
— TP2: 147.29 🎯 (от A: +8.1%, от B: +9.6%)
— TP3: 145.27 🎯 (от A: +9.3%, от B: +10.8%)

Вход не более 1–2% от депозита",1.0,non_signal_intents_dropped_in_signal_message,"{""suppressed_intents"": [""MODIFY_ENTRY:вход с текущих"", ""MODIFY_ENTRY:вход с текущих""], ""matched_markers"": [""symbol/strong:usdt@28:32"", ""symbol/strong:usdt@28:32"", ""SHORT/strong:шорт@35:39"", ""entry/strong:(вход с текущих)@40:56"", ""MODIFY_ENTRY/weak:вход@41:45"", ""MODIFY_ENTRY/strong:вход с текущих@41:",AAVEUSDT,SHORT,TWO_STEP,2,1:MARKET:PRIMARY@160.23|2:LIMIT:AVERAGING@162.89,167.37,3,152.93|147.29|145.27,Вход не более 1–2%,,1.0,2.0,,,COMPLETE
41,trader_a,SIGNAL,PARSED,1161,1930,,"[trader#A]

#среднесрок
#HYPEUSDT 🐻 Шорт

— Вход (A): 33.758
— Вход (B): 35.639

— SL: 37.147 🛡 (от A: -10.0%, от B: -4.2%)

— TP1: 30.719 🎯 (от A: +9.0%, от B: +13.8%)
— TP2: 26.801 🎯 (от A: +20.6%, от B: +24.8%)
— TP3: 25.487 🎯 (от A: +24.5%, от B: +28.5%)",1.0,non_signal_intents_dropped_in_signal_message,"{""suppressed_intents"": [], ""matched_markers"": [""symbol/strong:usdt@28:32"", ""symbol/strong:usdt@28:32"", ""SHORT/strong:шорт@35:39"", ""MODIFY_ENTRY/weak:вход@42:46"", ""entry/strong:вход (a)@42:50"", ""MODIFY_ENTRY/weak:вход@61:65"", ""entry/strong:вход (b)@61:69"", ""SL_HIT/weak:sl@80:82"", ""stop_loss/strong:sl",HYPEUSDT,SHORT,TWO_STEP,2,1:LIMIT:PRIMARY@33.758|2:LIMIT:AVERAGING@35.639,37.147,3,30.719|26.801|25.487,,,,,,,COMPLETE
41,trader_a,SIGNAL,PARSED,1135,1968,,"[trader #A]

#среднесрок
#1000PEPEUSDT 🐂 Лонг (вход с текущих)

— Вход с текущих: 0.004694
— Усреднение: 0.004566

— SL: 0.004309 🛡(от A: -8.2%, от B: -5.6%)

— TP1: 0.005168 🎯 (от A: +10.1%, от B: +13.2%)
— TP2: 0.005233 🎯 (от A: +11.5%, от B: +14.6%)
— TP3: 0.006412 🎯 (от A: +36.6%, от B: +40.4%)

— Цель (спот, 1W): 0.007044 💫 (от A: +50.1%)

Вход не более 0.5% от депозита",1.0,non_signal_intents_dropped_in_signal_message,"{""suppressed_intents"": [""MODIFY_ENTRY:вход с текущих"", ""MODIFY_ENTRY:вход с текущих""], ""matched_markers"": [""symbol/strong:usdt@33:37"", ""symbol/strong:usdt@33:37"", ""LONG/strong:лонг@40:44"", ""entry/strong:(вход с текущих)@45:61"", ""MODIFY_ENTRY/weak:вход@46:50"", ""MODIFY_ENTRY/strong:вход с текущих@46:6",1000PEPEUSDT,LONG,TWO_STEP,2,1:MARKET:PRIMARY@0.004694|2:LIMIT:AVERAGING@0.004566,0.004309,3,0.005168|0.005233|0.006412,Вход не более 0.5%,0.5,,,,,COMPLETE
41,trader_a,SIGNAL,PARSED,1118,2000,,"[trader #A]

#среднесрок
#FARTCOINUSDT 🐻 Шорт (вход с текущих)

— Вход с текущих: 0.2189
— Усреднение: -

— SL: 0.2527 🛡(от A: -15.4%, от B: -)

— TP1: 0.1891 🎯 (от A: +13.6%, от B: -)
— TP2: 0.1708 🎯 (от A: +22.0%, от B: -)
— TP3: 0.1512 🎯 (от A: +30.9%, от B: -)

Вход не более 0.5% от депозита",1.0,non_signal_intents_dropped_in_signal_message,"{""suppressed_intents"": [""MODIFY_ENTRY:вход с текущих"", ""MODIFY_ENTRY:вход с текущих""], ""matched_markers"": [""symbol/strong:usdt@33:37"", ""symbol/strong:usdt@33:37"", ""SHORT/strong:шорт@40:44"", ""entry/strong:(вход с текущих)@45:61"", ""MODIFY_ENTRY/weak:вход@46:50"", ""MODIFY_ENTRY/strong:вход с текущих@46:",FARTCOINUSDT,SHORT,ONE_SHOT,1,1:MARKET:PRIMARY@0.2189,0.2527,3,0.1891|0.1708|0.1512,Вход не более 0.5%,0.5,,,,,COMPLETE
41,trader_a,SIGNAL,PARSED,1117,2005,,"[trader #A]

#среднесрок
#BTCUSDT 🐻 Шорт (вход с текущих)

Вход (2-фазный):
— Вход с текущих: 78 713,30
— Усреднение: 80 414,20

Стоп:
— SL: 82 067,40 🛡(от A: -4,3%, от B: -2,1%)

Тейки (среднесрок, 3 цели):
— TP1: 75 691,20 🎯 (от A: +3,8%, от B: +5,9%)
— TP2: 72 982,40 🎯 (от A: +7,3%, от B: +9,2%)
— TP3: 69 317,10 🎯 (от A: +11,9%, от B: +13,8%)

Вход не более 0.5% от депозита",1.0,non_signal_intents_dropped_in_signal_message,"{""suppressed_intents"": [""MODIFY_ENTRY:вход с текущих"", ""MODIFY_ENTRY:вход с текущих""], ""matched_markers"": [""symbol/strong:usdt@28:32"", ""symbol/strong:usdt@28:32"", ""SHORT/strong:шорт@35:39"", ""entry/strong:(вход с текущих)@40:56"", ""MODIFY_ENTRY/weak:вход@41:45"", ""MODIFY_ENTRY/strong:вход с текущих@41:",BTCUSDT,SHORT,TWO_STEP,2,1:MARKET:PRIMARY@78713.3|2:LIMIT:AVERAGING@80414.2,82067.4,3,75691.2|72982.4|69317.1,Вход не более 0.5%,0.5,,,,,COMPLETE
41,trader_a,SIGNAL,PARSED,1116,2006,,"[trader #A]

#интрадей
#C98USDT 🐻 Шорт (вход лимиткой)

Вход (2-фазный):
— Вход лимиткой: 0,02529
— Усреднение: нет
Отмена входа: если 1H закреп выше 0,02660 или цена уйдёт ниже 0,02360 без касания 0,02529 — ордер снять, не догонять.

Стоп:
— SL: 0,02658 🛡(от A: -5,10%, от B: —)

Тейки (интрадей, 3 цели):
— TP1: 0,02360 🎯 (от A: +6,68%, от B: —)
— TP2: 0,02200 🎯 (от A: +13,01%, от B: —)
— TP3: 0,02000 🎯 (от A: +20,92%, от B: —)

Вход не более 0.5% от депозита",1.0,non_signal_intents_dropped_in_signal_message,"{""suppressed_intents"": [], ""matched_markers"": [""symbol/strong:usdt@26:30"", ""symbol/strong:usdt@26:30"", ""SHORT/strong:шорт@33:37"", ""MODIFY_ENTRY/weak:вход@39:43"", ""entry/strong:вход лимиткой@39:52"", ""LIMIT/strong:вход лимиткой@39:52"", ""LIMIT/weak:лимиткой@44:52"", ""MODIFY_ENTRY/weak:вход@54:58"", ""entr",C98USDT,SHORT,ONE_SHOT,1,1:LIMIT:PRIMARY@0.02529,0.02658,3,0.0236|0.022|0.02,Вход не более 0.5%,0.5,,,,,COMPLETE
41,trader_a,SIGNAL,PARSED,1114,2008,,"[trader #A]

#среднесрок
#LINKUSDT 🐻 Шорт (вход с текущих)

Вход (2-фазный):
— Вход с текущих: 9,8310
— Усреднение: 10,1570

Стоп:
— SL: 11,1640 🛡(от A: -13,6%, от B: -9,9%)

Тейки (среднесрок, 3 цели):
— TP1: 8,9070 🎯 (от A: +9,4%, от B: +12,3%)
— TP2: 6,4870 🎯 (от A: +34,0%, от B: +36,1%)
— TP3: 5,1130 🎯 (от A: +48,0%, от B: +49,7%)

Вход не более 0,3–0,5% от депозита",1.0,non_signal_intents_dropped_in_signal_message,"{""suppressed_intents"": [""MODIFY_ENTRY:вход с текущих"", ""MODIFY_ENTRY:вход с текущих""], ""matched_markers"": [""symbol/strong:usdt@29:33"", ""symbol/strong:usdt@29:33"", ""SHORT/strong:шорт@36:40"", ""entry/strong:(вход с текущих)@41:57"", ""MODIFY_ENTRY/weak:вход@42:46"", ""MODIFY_ENTRY/strong:вход с текущих@42:",LINKUSDT,SHORT,RANGE,2,1:LIMIT:PRIMARY@0.0|2:LIMIT:AVERAGING@3.0,11.164,3,8.907|6.487|5.113,"Вход не более 0,3–0,5%",,0.3,0.5,,,COMPLETE
41,trader_a,SIGNAL,PARSED,1113,2010,,"[trader #A]

#среднесрок
#ETHUSDT 🐻 Шорт (лимиткой)

Вход (2-фазный):
— Вход A: 2 490
— Вход B: 2 560

Стоп:
— SL: 2 640 🛡(от A: -6,0%, от B: -3,1%)

Тейки (3 цели):
— TP1: 2 330 🎯 (от A: +6,4%, от B: +9,0%)
— TP2: 2 237,5 🎯 (от A: +10,1%, от B: +12,6%)
— TP3: 2 000 🎯 (от A: +19,7%, от B: +21,9%)

Вход на 1% от депозита",1.0,non_signal_intents_dropped_in_signal_message,"{""suppressed_intents"": [], ""matched_markers"": [""symbol/strong:usdt@28:32"", ""symbol/strong:usdt@28:32"", ""SHORT/strong:шорт@35:39"", ""LIMIT/weak:лимиткой@41:49"", ""MODIFY_ENTRY/weak:вход@51:55"", ""entry/strong:вход (2-фазный)@51:66"", ""MODIFY_ENTRY/weak:вход@70:74"", ""PRIMARY/strong:вход a@70:76"", ""MODIFY_",ETHUSDT,SHORT,TWO_STEP,2,1:LIMIT:PRIMARY@2490.0|2:LIMIT:AVERAGING@2560.0,2640.0,3,2330.0|2237.5|2000.0,Вход на 1%,1.0,,,,,COMPLETE
41,trader_a,SIGNAL,PARSED,1111,2013,,"[trader #A]

#интрадей
#ENAUSDT 🐻 Шорт (вход лимиткой)

Вход (2-фазный):
— Вход лимиткой: 0,1372
— Усреднение: 0,1396
Отмена входа: если 15m закрепится выше 0,1415

Стоп:
— SL: 0,1441 🛡(от A: -5,0%, от B: -3,2%)

Тейки (интрадей, 3 цели):
— TP1: 0,1335 🎯 (от A: +2,7%, от B: +4,4%)
— TP2: 0,1275 🎯 (от A: +7,1%, от B: +8,7%)
— TP3: 0,1230 🎯 (от A: +10,3%, от B: +11,9%)

Вход не более 1% от депозита",1.0,non_signal_intents_dropped_in_signal_message,"{""suppressed_intents"": [], ""matched_markers"": [""symbol/strong:usdt@26:30"", ""symbol/strong:usdt@26:30"", ""SHORT/strong:шорт@33:37"", ""MODIFY_ENTRY/weak:вход@39:43"", ""entry/strong:вход лимиткой@39:52"", ""LIMIT/strong:вход лимиткой@39:52"", ""LIMIT/weak:лимиткой@44:52"", ""MODIFY_ENTRY/weak:вход@54:58"", ""entr",ENAUSDT,SHORT,TWO_STEP,2,1:LIMIT:PRIMARY@0.1372|2:LIMIT:AVERAGING@0.1396,0.1441,3,0.1335|0.1275|0.123,Вход не более 1%,1.0,,,,,COMPLETE
41,trader_a,SIGNAL,PARSED,1108,2049,,"[trader #A]

#интрадей
#1000PEPEUSDT 🐻 Шорт (вход лимиткой)

Вход (2-фазный):
— Вход лимиткой: 0,004300
— Усреднение: нет
Отмена входа: если 15m закреп выше 0,004330

Стоп:
— SL: 0,004440 🛡(от A: -3,3%, от B: —)

Тейки (интрадей, 3 цели):
— TP1: 0,004213 🎯 (от A: +2,0%, от B: —)
— TP2: 0,004100 🎯 (от A: +4,7%, от B: —)
— TP3: 0,003820 🎯 (от A: +11,2%, от B: —)

Вход не более 0.5% от депозита",1.0,non_signal_intents_dropped_in_signal_message,"{""suppressed_intents"": [], ""matched_markers"": [""symbol/strong:usdt@31:35"", ""symbol/strong:usdt@31:35"", ""SHORT/strong:шорт@38:42"", ""MODIFY_ENTRY/weak:вход@44:48"", ""entry/strong:вход лимиткой@44:57"", ""LIMIT/strong:вход лимиткой@44:57"", ""LIMIT/weak:лимиткой@49:57"", ""MODIFY_ENTRY/weak:вход@59:63"", ""entr",1000PEPEUSDT,SHORT,ONE_SHOT,1,1:LIMIT:PRIMARY@0.0043,0.00444,3,0.004213|0.0041|0.00382,Вход не более 0.5%,0.5,,,,,COMPLETE
41,trader_a,SIGNAL,PARSED,1107,2050,,"[trader #A]

#среднесрок
#ETHUSDT 🐻 Шорт (вход с текущих)

Вход (2-фазный):
— Вход с текущих: 2 268,60
— Усреднение: 2 362,70

Стоп:
— SL: 2 441,80 🛡(от A: -7,6%, от B: -3,3%)

Тейки (среднесрок, 3 цели):
— TP1: 2 137,80 🎯 (от A: +5,8%, от B: +9,5%)
— TP2: 2 013,70 🎯 (от A: +11,2%, от B: +14,8%)
— TP3: 1 637,80 🎯 (от A: +27,8%, от B: +30,7%)

Вход не более 0.5% от депозита",1.0,non_signal_intents_dropped_in_signal_message,"{""suppressed_intents"": [""MODIFY_ENTRY:вход с текущих"", ""MODIFY_ENTRY:вход с текущих""], ""matched_markers"": [""symbol/strong:usdt@28:32"", ""symbol/strong:usdt@28:32"", ""SHORT/strong:шорт@35:39"", ""entry/strong:(вход с текущих)@40:56"", ""MODIFY_ENTRY/weak:вход@41:45"", ""MODIFY_ENTRY/strong:вход с текущих@41:",ETHUSDT,SHORT,TWO_STEP,2,1:MARKET:PRIMARY@2268.6|2:LIMIT:AVERAGING@2362.7,2441.8,3,2137.8|2013.7|1637.8,Вход не более 0.5%,0.5,,,,,COMPLETE
41,trader_a,SIGNAL,PARSED,1104,2055,,"[trader #A]

#интрадей
#ZKUSDT 🐻 Шорт (вход лимиткой)

Вход (2-фазный):
— Вход лимиткой: 0,02665
— Усреднение: 0,02825

Стоп:
— SL: 0,02882 🛡(от A: -8,1%, от B: -2,0%)

Тейки (интрадей, 3 цели):
— TP1: 0,02555 🎯 (от A: +4,1%, от B: +9,6%)
— TP2: 0,02310 🎯 (от A: +13,3%, от B: +18,2%)
— TP3: 0,02180 🎯 (от A: +18,2%, от B: +22,8%)

Вход не более 0.5% от депозита",1.0,non_signal_intents_dropped_in_signal_message,"{""suppressed_intents"": [], ""matched_markers"": [""symbol/strong:usdt@25:29"", ""symbol/strong:usdt@25:29"", ""SHORT/strong:шорт@32:36"", ""MODIFY_ENTRY/weak:вход@38:42"", ""entry/strong:вход лимиткой@38:51"", ""LIMIT/strong:вход лимиткой@38:51"", ""LIMIT/weak:лимиткой@43:51"", ""MODIFY_ENTRY/weak:вход@53:57"", ""entr",ZKUSDT,SHORT,TWO_STEP,2,1:LIMIT:PRIMARY@0.02665|2:LIMIT:AVERAGING@0.02825,0.02882,3,0.02555|0.0231|0.0218,Вход не более 0.5%,0.5,,,,,COMPLETE
41,trader_a,SIGNAL,PARSED,1103,2057,,"[trader #A]

#интрадей
#JUPUSDT 🐂 Лонг (лимитка)

Вход (2-фазный):
— Вход лимиткой: 0,18461
— Усреднение: нет

Стоп:
— SL: 0,17856 🛡(от A: -3,3%)

Тейки (интрадей, 3 цели):
— TP1: 0,19000 🎯(от A: +2,9%)
— TP2: 0,19325 🎯(от A: +4,7%)
— TP3: 0,19850 🎯(от A: +7,5%)

Вход не более 0.5% от депозита",1.0,non_signal_intents_dropped_in_signal_message,"{""suppressed_intents"": [], ""matched_markers"": [""symbol/strong:usdt@26:30"", ""symbol/strong:usdt@26:30"", ""LONG/strong:лонг@33:37"", ""ENTRY_FILLED/weak:лимитка@39:46"", ""MODIFY_ENTRY/weak:вход@48:52"", ""entry/strong:вход (2-фазный)@48:63"", ""MODIFY_ENTRY/weak:вход@67:71"", ""entry/strong:вход лимиткой@67:80""",JUPUSDT,LONG,ONE_SHOT,1,1:LIMIT:PRIMARY@0.18461,0.17856,3,0.19|0.19325|0.1985,Вход не более 0.5%,0.5,,,,,COMPLETE
41,trader_a,SIGNAL,PARSED,1097,2066,,"[trader #A]

#среднесрок
#XRPUSDT 🐻 Шорт (вход с текущих)

Вход (2-фазный):
— Вход с текущих: 1,6393
— Усреднение: —

Стоп:
— SL: 1,7373 🛡(от A: -6,0%, от B: —)

Тейки (среднесрок, 3 цели):
— TP1: 1,5523 🎯 (от A: +5,3%, от B: —)
— TP2: 1,4797 🎯 (от A: +9,7%, от B: —)
— TP3: 1,1693 🎯 (от A: +28,7%, от B: —)

Вход не более 1–1,5% от депозита",1.0,non_signal_intents_dropped_in_signal_message,"{""suppressed_intents"": [""MODIFY_ENTRY:вход с текущих"", ""MODIFY_ENTRY:вход с текущих""], ""matched_markers"": [""leverage/weak:x@25:26"", ""symbol/strong:usdt@28:32"", ""symbol/strong:usdt@28:32"", ""SHORT/strong:шорт@35:39"", ""entry/strong:(вход с текущих)@40:56"", ""MODIFY_ENTRY/weak:вход@41:45"", ""MODIFY_ENTRY/",XRPUSDT,SHORT,RANGE,2,1:LIMIT:PRIMARY@1.0|2:LIMIT:AVERAGING@1.0,1.7373,3,1.5523|1.4797|1.1693,"Вход не более 1–1,5%",,1.0,1.5,,,COMPLETE
41,trader_a,SIGNAL,PARSED,1093,2074,,"[trader #A]

#интрадей
#COMPUSDT 🐂 Лонг (вход лимиткой)

Вход (2-фазный):
— Вход лимиткой: 20,05
— Усреднение: нет
Отмена входа: если уйдём выше 21,20 без ретеста 20,05

Стоп:
— SL: 19,29 🛡(от A: -3,8%, от B: —)

Тейки (интрадей, 3 цели):
— TP1: 20,23 🎯 (от A: +0,9%, от B: —)
— TP2: 21,20 🎯 (от A: +5,7%, от B: —)
— TP3: 21,63 🎯 (от A: +7,9%, от B: —)

Вход не более 0.5% от депозита",1.0,non_signal_intents_dropped_in_signal_message,"{""suppressed_intents"": [], ""matched_markers"": [""symbol/strong:usdt@27:31"", ""symbol/strong:usdt@27:31"", ""LONG/strong:лонг@34:38"", ""MODIFY_ENTRY/weak:вход@40:44"", ""entry/strong:вход лимиткой@40:53"", ""LIMIT/strong:вход лимиткой@40:53"", ""LIMIT/weak:лимиткой@45:53"", ""MODIFY_ENTRY/weak:вход@55:59"", ""entry",COMPUSDT,LONG,ONE_SHOT,1,1:LIMIT:PRIMARY@20.05,19.29,3,20.23|21.2|21.63,Вход не более 0.5%,0.5,,,,,COMPLETE
41,trader_a,SIGNAL,PARSED,1085,2085,,"[trader #A]

#среднесрок
#1INCHUSDT 🐂 Лонг (вход с текущих)

Вход (2-фазный):
— Вход с текущих: 0,1148
— Усреднение: нет

Стоп:
— SL: 0,1047 🛡(от A: -8,8%, от B: —)

Тейки (среднесрок, 3 цели):
— TP1: 0,1289 🎯 (от A: +12,3%, от B: —)
— TP2: 0,1443 🎯 (от A: +25,7%, от B: —)
— TP3: 0,1699 🎯 (от A: +48,0%, от B: —)

Спот (цель по 1W-ТФ):
— Цель: 0,2130 💫 (от A: +85,6%)",1.0,non_signal_intents_dropped_in_signal_message,"{""suppressed_intents"": [""MODIFY_ENTRY:вход с текущих"", ""MODIFY_ENTRY:вход с текущих""], ""matched_markers"": [""symbol/strong:usdt@30:34"", ""symbol/strong:usdt@30:34"", ""LONG/strong:лонг@37:41"", ""entry/strong:(вход с текущих)@42:58"", ""MODIFY_ENTRY/weak:вход@43:47"", ""MODIFY_ENTRY/strong:вход с текущих@43:5",1INCHUSDT,LONG,ONE_SHOT,1,1:MARKET:PRIMARY@0.1148,0.1047,3,0.1289|0.1443|0.1699,,,,,,,COMPLETE
41,trader_a,SIGNAL,PARSED,1082,2088,,"[trader #A]

#среднесрок
#WAXPUSDT 🐂 Лонг (вход с текущих)

Вход (2-фазный):
— Вход с текущих: 0,0077
— Усреднение: 0,0074

Стоп:
— SL: 0,0068 🛡(от A: -11,7%, от B: -8,1%)

Тейки (среднесрок, 3 цели):
— TP1: 0,0083 🎯 (от A: +7,8%, от B: +12,2%)
— TP2: 0,0093 🎯 (от A: +20,8%, от B: +25,7%)
— TP3: 0,0111 🎯 (от A: +44,2%, от B: +50,0%)

Спот (цель по 1W-ТФ):
— Цель: 0,0134 💫 (от A: +74,0%)

Вход не более 0,5% от депозита",1.0,non_signal_intents_dropped_in_signal_message,"{""suppressed_intents"": [""MODIFY_ENTRY:вход с текущих"", ""MODIFY_ENTRY:вход с текущих""], ""matched_markers"": [""leverage/weak:x@27:28"", ""symbol/strong:usdt@29:33"", ""symbol/strong:usdt@29:33"", ""LONG/strong:лонг@36:40"", ""entry/strong:(вход с текущих)@41:57"", ""MODIFY_ENTRY/weak:вход@42:46"", ""MODIFY_ENTRY/s",WAXPUSDT,LONG,TWO_STEP,2,1:MARKET:PRIMARY@0.0077|2:LIMIT:AVERAGING@0.0074,0.0068,3,0.0083|0.0093|0.0111,"Вход не более 0,5%",0.5,,,,,COMPLETE
41,trader_a,SIGNAL,PARSED,1078,2093,,"[trader #A]

#интрадей
#COTIUSDT 🐻 Шорт (вход лимиткой)

Вход (2-фазный):
— Вход лимиткой: 0,01447
— Усреднение: 0,01478
Отмена входа: если 15m закрепится выше 0,01502 или цена уйдёт вниз без ретеста 0,01447–0,01453

Стоп:
— SL: 0,01502 🛡(от A: -3,8%, от B: -1,6%)

Тейки (интрадей, 3 цели):
— TP1: 0,01410 🎯 (от A: +2,6%, от B: +4,6%)
— TP2: 0,01375 🎯 (от A: +5,0%, от B: +7,0%)
— TP3: 0,01350 🎯 (от A: +6,7%, от B: +8,7%)",1.0,non_signal_intents_dropped_in_signal_message,"{""suppressed_intents"": [], ""matched_markers"": [""symbol/strong:usdt@27:31"", ""symbol/strong:usdt@27:31"", ""SHORT/strong:шорт@34:38"", ""MODIFY_ENTRY/weak:вход@40:44"", ""entry/strong:вход лимиткой@40:53"", ""LIMIT/strong:вход лимиткой@40:53"", ""LIMIT/weak:лимиткой@45:53"", ""MODIFY_ENTRY/weak:вход@55:59"", ""entr",COTIUSDT,SHORT,TWO_STEP,2,1:LIMIT:PRIMARY@0.01447|2:LIMIT:AVERAGING@0.01478,0.01502,3,0.0141|0.01375|0.0135,,,,,,,COMPLETE
41,trader_a,SIGNAL,PARSED,1068,2110,,"[trader #A]

#интрадей
#OPUSDT 🐻 Шорт (вход лимиткой)

Вход (2-фазный):
— Вход лимиткой: 0,22535
— Усреднение: нет
Отмена входа: если 15m закрепится выше 0,22600 (закрытие + удержание) — отмена

Стоп:
— SL: 0,23030 🛡(от A: -2,2%, от B: —)

Тейки (интрадей, 3 цели):
— TP1: 0,22160 🎯 (от A: +1,7%, от B: —)
— TP2: 0,21850 🎯 (от A: +3,0%, от B: —)
— TP3: 0,21540 🎯 (от A: +4,4%, от B: —)",1.0,non_signal_intents_dropped_in_signal_message,"{""suppressed_intents"": [], ""matched_markers"": [""symbol/strong:usdt@25:29"", ""symbol/strong:usdt@25:29"", ""SHORT/strong:шорт@32:36"", ""MODIFY_ENTRY/weak:вход@38:42"", ""entry/strong:вход лимиткой@38:51"", ""LIMIT/strong:вход лимиткой@38:51"", ""LIMIT/weak:лимиткой@43:51"", ""MODIFY_ENTRY/weak:вход@53:57"", ""entr",OPUSDT,SHORT,ONE_SHOT,1,1:LIMIT:PRIMARY@0.22535,0.2303,3,0.2216|0.2185|0.2154,,,,,,,COMPLETE
41,trader_a,SIGNAL,PARSED,1067,2113,,"[trader #A]

#интрадей
#IDUSDT 🐻 Шорт (вход лимиткой)

Вход (2-фазный):
— Вход лимиткой: 0,06090
— Усреднение: нет
Отмена входа: если 15m закреп выше 0,06240 / если уйдём вниз без ретеста — вход пропустить

Стоп:
— SL: 0,06240 🛡(от A: -2,5%, от B: —)

Тейки (интрадей, 3 цели):
— TP1: 0,05920 🎯 (от A: +2,8%, от B: —)
— TP2: 0,05810 🎯 (от A: +4,6%, от B: —)
— TP3: 0,05730 🎯 (от A: +5,9%, от B: —)",1.0,non_signal_intents_dropped_in_signal_message,"{""suppressed_intents"": [""TP_HIT:тейки"", ""TP_HIT:цели"", ""TP_HIT:tp1"", ""TP_HIT:tp2"", ""TP_HIT:tp3"", ""MOVE_STOP:опустить\nстоп""], ""matched_markers"": [""symbol/strong:usdt@25:29"", ""symbol/strong:usdt@25:29"", ""SHORT/strong:шорт@32:36"", ""MODIFY_ENTRY/weak:вход@38:42"", ""entry/strong:вход лимиткой@38:51"", ""LI",IDUSDT,SHORT,ONE_SHOT,1,1:LIMIT:PRIMARY@0.0609,0.0624,3,0.0592|0.0581|0.0573,,,,,,,COMPLETE
41,trader_a,SIGNAL,PARSED,1058,2126,,"[trader #A]

#интрадей
#ENAUSDT 🐻 Шорт (вход лимиткой)

Вход (2-фазный):
— Вход лимиткой: 0,1381
— Усреднение: нет
Отмена входа: если 1H закреп выше 0,1391

Стоп:
— SL: 0,1417 🛡(от A: -2,6%, от B: —)

Тейки (интрадей, 3 цели):
— TP1: 0,1358 🎯 (от A: +1,7%, от B: —)
— TP2: 0,1330 🎯 (от A: +3,7%, от B: —)
— TP3: 0,1308 🎯 (от A: +5,3%, от B: —)",1.0,non_signal_intents_dropped_in_signal_message,"{""suppressed_intents"": [], ""matched_markers"": [""symbol/strong:usdt@26:30"", ""symbol/strong:usdt@26:30"", ""SHORT/strong:шорт@33:37"", ""MODIFY_ENTRY/weak:вход@39:43"", ""entry/strong:вход лимиткой@39:52"", ""LIMIT/strong:вход лимиткой@39:52"", ""LIMIT/weak:лимиткой@44:52"", ""MODIFY_ENTRY/weak:вход@54:58"", ""entr",ENAUSDT,SHORT,ONE_SHOT,1,1:LIMIT:PRIMARY@0.1381,0.1417,3,0.1358|0.133|0.1308,,,,,,,COMPLETE
41,trader_a,SIGNAL,PARSED,1056,2129,,"[trader #A]

#интрадей
#ZORAUSDT 🐻 Шорт (вход лимиткой)

Вход (2-фазный):
— Вход лимиткой: 0,02644
— Усреднение: 0,02722
Отмена входа: если 15m/1H закреп выше 0,02737

Стоп:
— SL: 0,02737 🛡(от A: -3,5%, от B: -0,6%)

Тейки (интрадей, 3 цели):
— TP1: 0,02595 🎯 (от A: +1,9%, от B: +4,7%)
— TP2: 0,02510 🎯 (от A: +5,1%, от B: +7,8%)
— TP3: 0,02450 🎯 (от A: +7,3%, от B: +10,0%)",1.0,non_signal_intents_dropped_in_signal_message,"{""suppressed_intents"": [], ""matched_markers"": [""symbol/strong:usdt@27:31"", ""symbol/strong:usdt@27:31"", ""SHORT/strong:шорт@34:38"", ""MODIFY_ENTRY/weak:вход@40:44"", ""entry/strong:вход лимиткой@40:53"", ""LIMIT/strong:вход лимиткой@40:53"", ""LIMIT/weak:лимиткой@45:53"", ""MODIFY_ENTRY/weak:вход@55:59"", ""entr",ZORAUSDT,SHORT,TWO_STEP,2,1:LIMIT:PRIMARY@0.02644|2:LIMIT:AVERAGING@0.02722,0.02737,3,0.02595|0.0251|0.0245,,,,,,,COMPLETE
41,trader_a,SIGNAL,PARSED,1045,2143,,"[trader #A]

#интрадей
#DOGEUSDT 🐻 Шорт (вход лимиткой)

Вход (2-фазный):
— Вход лимиткой: 0,10490
— Усреднение: нет
Отмена входа: если 15m закрепится выше 0,10570 или цена уйдёт к 0,10230 без ретеста лимитки

Стоп:
— SL: 0,10676 🛡(от A: -1,8%, от B: —)

Тейки (интрадей, 3 цели):
— TP1: 0,10354 🎯 (от A: +1,3%, от B: —)
— TP2: 0,10230 🎯 (от A: +2,5%, от B: —)
— TP3: 0,10120 🎯 (от A: +3,5%, от B: —)",1.0,non_signal_intents_dropped_in_signal_message,"{""suppressed_intents"": [], ""matched_markers"": [""symbol/strong:usdt@27:31"", ""symbol/strong:usdt@27:31"", ""SHORT/strong:шорт@34:38"", ""MODIFY_ENTRY/weak:вход@40:44"", ""entry/strong:вход лимиткой@40:53"", ""LIMIT/strong:вход лимиткой@40:53"", ""LIMIT/weak:лимиткой@45:53"", ""MODIFY_ENTRY/weak:вход@55:59"", ""entr",DOGEUSDT,SHORT,ONE_SHOT,1,1:LIMIT:PRIMARY@0.1049,0.10676,3,0.10354|0.1023|0.1012,,,,,,,COMPLETE
41,trader_a,SIGNAL,PARSED,1041,2149,,"[trader #A]

#интрадей
#HYPEUSDT 🐻 Шорт (вход лимиткой)

Вход (2-фазный):
— Вход лимиткой: 34,15
— Усреднение: нет
Отмена входа: если цена уйдёт вниз без ретеста 34,15 и пробьёт 33,20 — вход не берём

Стоп:
— SL: 34,52 🛡(от A: -1,1%, от B: —)

Тейки (интрадей, 3 цели):
— TP1: 33,66 🎯 (от A: +1,4%, от B: —)
— TP2: 33,54 🎯 (от A: +1,8%, от B: —)
— TP3: 33,20 🎯 (от A: +2,8%, от B: —)

тут давайте попробуем все закрыть на 3 тейке, без промежуточных фиксаций",1.0,non_signal_intents_dropped_in_signal_message,"{""suppressed_intents"": [], ""matched_markers"": [""symbol/strong:usdt@27:31"", ""symbol/strong:usdt@27:31"", ""SHORT/strong:шорт@34:38"", ""MODIFY_ENTRY/weak:вход@40:44"", ""entry/strong:вход лимиткой@40:53"", ""LIMIT/strong:вход лимиткой@40:53"", ""LIMIT/weak:лимиткой@45:53"", ""MODIFY_ENTRY/weak:вход@55:59"", ""entr",HYPEUSDT,SHORT,ONE_SHOT,1,1:LIMIT:PRIMARY@34.15,34.52,3,33.66|33.54|33.2,,,,,,,COMPLETE
41,trader_a,SIGNAL,PARSED,1039,2151,,"[trader #A]

#интрадей
#AVAXUSDT 🐻 Шорт (вход лимиткой)

Вход (2-фазный):
— Вход лимиткой: 9,66
— Усреднение: нет

Стоп:
— SL: 9,81 🛡(от A: -1,6%, от B: —)

Тейки (интрадей, 3 цели):
— TP1: 9,53 🎯 (от A: +1,3%, от B: —)
— TP2: 9,44 🎯 (от A: +2,3%, от B: —)
— TP3: 9,30 🎯 (от A: +3,7%, от B: —)

Вход не более 0.5% от депозита",1.0,non_signal_intents_dropped_in_signal_message,"{""suppressed_intents"": [], ""matched_markers"": [""leverage/weak:x@26:27"", ""symbol/strong:usdt@27:31"", ""symbol/strong:usdt@27:31"", ""SHORT/strong:шорт@34:38"", ""MODIFY_ENTRY/weak:вход@40:44"", ""entry/strong:вход лимиткой@40:53"", ""LIMIT/strong:вход лимиткой@40:53"", ""LIMIT/weak:лимиткой@45:53"", ""MODIFY_ENTR",AVAXUSDT,SHORT,ONE_SHOT,1,1:LIMIT:PRIMARY@9.66,9.81,3,9.53|9.44|9.3,Вход не более 0.5%,0.5,,,,,COMPLETE
41,trader_a,SIGNAL,PARSED,1038,2152,,"[trader #A]

#интрадей
#CAKEUSDT 🐻 Шорт (вход лимиткой)

Вход (2-фазный):
— Вход лимиткой: 1,50
— Усреднение: 1,52

Стоп:
— SL: 1,53 🛡(от A: -2,0%, от B: -0,7%)

Тейки (интрадей, 3 цели):
— TP1: 1,48 🎯 (от A: +1,3%, от B: +2,6%)
— TP2: 1,45 🎯 (от A: +3,3%, от B: +4,6%)
— TP3: 1,42 🎯 (от A: +5,3%, от B: +6,6%)

Вход не более 0.5% от депозита",1.0,non_signal_intents_dropped_in_signal_message,"{""suppressed_intents"": [], ""matched_markers"": [""symbol/strong:usdt@27:31"", ""symbol/strong:usdt@27:31"", ""SHORT/strong:шорт@34:38"", ""MODIFY_ENTRY/weak:вход@40:44"", ""entry/strong:вход лимиткой@40:53"", ""LIMIT/strong:вход лимиткой@40:53"", ""LIMIT/weak:лимиткой@45:53"", ""MODIFY_ENTRY/weak:вход@55:59"", ""entr",CAKEUSDT,SHORT,TWO_STEP,2,1:LIMIT:PRIMARY@1.5|2:LIMIT:AVERAGING@1.52,1.53,3,1.48|1.45|1.42,Вход не более 0.5%,0.5,,,,,COMPLETE
41,trader_a,SIGNAL,PARSED,1030,2161,,"[trader #A]

#интрадей
#POPCATUSDT 🐻 Шорт (вход лимиткой)

Вход (2-фазный):
— Вход лимиткой: 0,05310
— Усреднение: нет

Стоп:
— SL: 0,05480 🛡(от A: -3,2%, от B: —)

Тейки (интрадей, 3 цели):
— TP1: 0,05190 🎯 (от A: +2,3%, от B: —)
— TP2: 0,05070 🎯 (от A: +4,5%, от B: —)
— TP3: 0,04900 🎯 (от A: +7,7%, от B: —)

Вход не более 1% от депозита",1.0,non_signal_intents_dropped_in_signal_message,"{""suppressed_intents"": [], ""matched_markers"": [""symbol/strong:usdt@29:33"", ""symbol/strong:usdt@29:33"", ""SHORT/strong:шорт@36:40"", ""MODIFY_ENTRY/weak:вход@42:46"", ""entry/strong:вход лимиткой@42:55"", ""LIMIT/strong:вход лимиткой@42:55"", ""LIMIT/weak:лимиткой@47:55"", ""MODIFY_ENTRY/weak:вход@57:61"", ""entr",POPCATUSDT,SHORT,ONE_SHOT,1,1:LIMIT:PRIMARY@0.0531,0.0548,3,0.0519|0.0507|0.049,Вход не более 1%,1.0,,,,,COMPLETE
41,trader_a,SIGNAL,PARSED,1028,2164,,"[trader #A]

#интрадей
#WLDUSDT 🐻 Шорт (вход лимиткой)

Вход (2-фазный):
— Вход лимиткой: 0,40
— Усреднение: нет

Стоп:
— SL: 0,41 🛡(от A: -2,5%, от B: —)

Тейки (интрадей, 3 цели):
— TP1: 0,39 🎯 (от A: +2,5%, от B: —)
— TP2: 0,38 🎯 (от A: +5,0%, от B: —)
— TP3: 0,36 🎯 (от A: +10,0%, от B: —)

Вход не более 1% от депозита",1.0,non_signal_intents_dropped_in_signal_message,"{""suppressed_intents"": [], ""matched_markers"": [""symbol/strong:usdt@26:30"", ""symbol/strong:usdt@26:30"", ""SHORT/strong:шорт@33:37"", ""MODIFY_ENTRY/weak:вход@39:43"", ""entry/strong:вход лимиткой@39:52"", ""LIMIT/strong:вход лимиткой@39:52"", ""LIMIT/weak:лимиткой@44:52"", ""MODIFY_ENTRY/weak:вход@54:58"", ""entr",WLDUSDT,SHORT,ONE_SHOT,1,1:LIMIT:PRIMARY@0.4,0.41,3,0.39|0.38|0.36,Вход не более 1%,1.0,,,,,COMPLETE
41,trader_a,SIGNAL,PARSED,1027,2165,,"[trader #A]

#интрадей
#LINK 🐻 Шорт (вход лимиткой)

Вход (2-фазный):
— Вход лимиткой: 9,05
— Усреднение: нет

Стоп:
— SL: 9,25 🛡(от A: -2,2%, от B: —)

Тейки (интрадей, 3 цели):
— TP1: 8,94 🎯 (от A: +1,2%, от B: —)
— TP2: 8,72 🎯 (от A: +3,6%, от B: —)
— TP3: 8,55 🎯 (от A: +5,5%, от B: —)

Вход не более 1% от депозита",1.0,non_signal_intents_dropped_in_signal_message,"{""suppressed_intents"": [], ""matched_markers"": [""SHORT/strong:шорт@30:34"", ""MODIFY_ENTRY/weak:вход@36:40"", ""entry/strong:вход лимиткой@36:49"", ""LIMIT/strong:вход лимиткой@36:49"", ""LIMIT/weak:лимиткой@41:49"", ""MODIFY_ENTRY/weak:вход@51:55"", ""entry/strong:вход (2-фазный)@51:66"", ""MODIFY_ENTRY/weak:вход",LINKUSDT,SHORT,ONE_SHOT,1,1:LIMIT:PRIMARY@9.05,9.25,3,8.94|8.72|8.55,Вход не более 1%,1.0,,,,,COMPLETE
41,trader_a,SIGNAL,PARSED,1026,2166,,"[trader #A]

#интрадей
#JTOUSDT 🐻 Шорт (вход лимиткой)

— Вход лимиткой: 0,2769
— Усреднение: нет

Стоп:
— SL: 0,2828 🛡(от A: -2,1%, от B: —)

Тейки (интрадей, 3 цели):
— TP1: 0,2735 🎯 (от A: +1,2%, от B: —)
— TP2: 0,2686 🎯 (от A: +3,0%, от B: —)
— TP3: 0,2645 🎯 (от A: +4,5%, от B: —)

Вход не более 1% от депозита",1.0,non_signal_intents_dropped_in_signal_message,"{""suppressed_intents"": [], ""matched_markers"": [""symbol/strong:usdt@26:30"", ""symbol/strong:usdt@26:30"", ""SHORT/strong:шорт@33:37"", ""MODIFY_ENTRY/weak:вход@39:43"", ""entry/strong:вход лимиткой@39:52"", ""LIMIT/strong:вход лимиткой@39:52"", ""LIMIT/weak:лимиткой@44:52"", ""MODIFY_ENTRY/weak:вход@56:60"", ""entr",JTOUSDT,SHORT,ONE_SHOT,1,1:LIMIT:PRIMARY@0.2769,0.2828,3,0.2735|0.2686|0.2645,Вход не более 1%,1.0,,,,,COMPLETE
41,trader_a,SIGNAL,PARSED,1017,2177,,"[trader #A]

#интрадей
#HOMEUSDT 🐂 Лонг (вход с текущих)

Вход (2-фазный):
— Вход с текущих: 0,02820
— Усреднение: нет

Стоп:
— SL: 0,02738 🛡(от A: -2,9%, от B: —)

Тейки (интрадей, 3 цели):
— TP1: 0,02883 🎯 (от A: +2,2%, от B: —)
— TP2: 0,02960 🎯 (от A: +5,0%, от B: —)
— TP3: 0,03030 🎯 (от A: +7,4%, от B: —)",1.0,non_signal_intents_dropped_in_signal_message,"{""suppressed_intents"": [""MODIFY_ENTRY:вход с текущих"", ""MODIFY_ENTRY:вход с текущих""], ""matched_markers"": [""symbol/strong:usdt@27:31"", ""symbol/strong:usdt@27:31"", ""LONG/strong:лонг@34:38"", ""entry/strong:(вход с текущих)@39:55"", ""MODIFY_ENTRY/weak:вход@40:44"", ""MODIFY_ENTRY/strong:вход с текущих@40:5",HOMEUSDT,LONG,ONE_SHOT,1,1:MARKET:PRIMARY@0.0282,0.02738,3,0.02883|0.0296|0.0303,,,,,,,COMPLETE
41,trader_a,SIGNAL,PARSED,1016,2178,,"[trader #A]

#интрадей
#HUSDT 🐂 Лонг (вход лимиткой)

Вход (2-фазный):
— Вход лимиткой: 0,11620
— Усреднение: 0,11320
Отмена входа: если 1H закроется ниже 0,11505 до активации

Стоп:
— SL: 0,11150 🛡(от A: -4,0%, от B: -1,5%)

Тейки (интрадей, 3 цели):
— TP1: 0,11920 🎯 (от A: +2,6%, от B: +5,3%)
— TP2: 0,12560 🎯 (от A: +8,1%, от B: +11,0%)
— TP3: 0,12800 🎯 (от A: +10,2%, от B: +13,1%)",1.0,non_signal_intents_dropped_in_signal_message,"{""suppressed_intents"": [], ""matched_markers"": [""symbol/strong:usdt@24:28"", ""symbol/strong:usdt@24:28"", ""LONG/strong:лонг@31:35"", ""MODIFY_ENTRY/weak:вход@37:41"", ""entry/strong:вход лимиткой@37:50"", ""LIMIT/strong:вход лимиткой@37:50"", ""LIMIT/weak:лимиткой@42:50"", ""MODIFY_ENTRY/weak:вход@52:56"", ""entry",HUSDT,LONG,TWO_STEP,2,1:LIMIT:PRIMARY@0.1162|2:LIMIT:AVERAGING@0.1132,0.1115,3,0.1192|0.1256|0.128,,,,,,,COMPLETE
41,trader_a,SIGNAL,PARSED,1011,2186,,"[trader #A]

#среднесрок
#BTCUSDT 🐂 Лонг (вход с текущих)

Вход (2-фазный):
— Вход с текущих: 64 775.60
— Усреднение: 61 975.60

Стоп:
— SL: 59 795.60 🛡(от A: -7.7%, от B: -3.5%)

Тейки (среднесрок, 3 цели):
— TP1: 69 295.60 🎯 (от A: +7.0%, от B: +11.8%)
— TP2: 72 073.60 🎯 (от A: +11.3%, от B: +16.3%)
— TP3: 77 133.60 🎯 (от A: +19.1%, от B: +24.5%)

Спот (цель по 1W-ТФ):
— Цель: 86 302.40 💫 (от A: +33.2%)

Вход не более 0.3–0.5% от депозита

давайте аккуратно пробовать",1.0,non_signal_intents_dropped_in_signal_message,"{""suppressed_intents"": [""MODIFY_ENTRY:вход с текущих"", ""MODIFY_ENTRY:вход с текущих""], ""matched_markers"": [""symbol/strong:usdt@28:32"", ""symbol/strong:usdt@28:32"", ""LONG/strong:лонг@35:39"", ""entry/strong:(вход с текущих)@40:56"", ""MODIFY_ENTRY/weak:вход@41:45"", ""MODIFY_ENTRY/strong:вход с текущих@41:5",BTCUSDT,LONG,RANGE,2,1:LIMIT:PRIMARY@0.0|2:LIMIT:AVERAGING@3.0,59795.6,3,69295.6|72073.6|77133.6,Вход не более 0.3–0.5%,,0.3,0.5,,,COMPLETE
41,trader_a,SIGNAL,PARSED,1010,2187,,"[trader #A]

#среднесрок
#ETHUSDT 🐂 Лонг (вход с текущих)

Вход (2-фазный):
— Вход с текущих: 1 901.30
— Усреднение: 1 806.20

Стоп:
— SL: 1 598.20 🛡(от A: -15.9%, от B: -11.5%)

Тейки (среднесрок, 3 цели):
— TP1: 2 139.10 🎯 (от A: +12.5%, от B: +18.4%)
— TP2: 2 366.10 🎯 (от A: +24.4%, от B: +31.0%)
— TP3: 2 577.30 🎯 (от A: +35.6%, от B: +42.7%)

Спот (цель по 1W-ТФ):
— Цель: 2 848.90 💫 (от A: +49.8%)

Вход не более 0.5% от депозита

тоже аккуратно пробуем. интрадей посмотрим после 11 утра по мск",1.0,non_signal_intents_dropped_in_signal_message,"{""suppressed_intents"": [""MODIFY_ENTRY:вход с текущих"", ""MODIFY_ENTRY:вход с текущих""], ""matched_markers"": [""symbol/strong:usdt@28:32"", ""symbol/strong:usdt@28:32"", ""LONG/strong:лонг@35:39"", ""entry/strong:(вход с текущих)@40:56"", ""MODIFY_ENTRY/weak:вход@41:45"", ""MODIFY_ENTRY/strong:вход с текущих@41:5",ETHUSDT,LONG,TWO_STEP,2,1:MARKET:PRIMARY@1901.3|2:LIMIT:AVERAGING@1806.2,1598.2,3,2139.1|2366.1|2577.3,Вход не более 0.5%,0.5,,,,,COMPLETE
41,trader_a,SIGNAL,PARSED,1008,2192,,"[trader #A]

#интрадей
#LDOUSDT 🐂 Лонг (вход лимиткой)

Вход (2-фазный):
— Вход лимиткой: 0,3340
— Усреднение: нет

Стоп:
— SL: 0,3209 🛡(от A: -3,9%, от B: —)

Тейки (интрадей, 3 цели):
— TP1: 0,3457 🎯 (от A: +3,5%, от B: —)
— TP2: 0,3550 🎯 (от A: +6,3%, от B: —)
— TP3: 0,3699 🎯 (от A: +10,7%, от B: —)

Цена уже ниже твх, поэтому по рынку 

Заходим не более 1% от депозита",1.0,non_signal_intents_dropped_in_signal_message,"{""suppressed_intents"": [""MODIFY_ENTRY:по рынку""], ""matched_markers"": [""symbol/strong:usdt@26:30"", ""symbol/strong:usdt@26:30"", ""LONG/strong:лонг@33:37"", ""MODIFY_ENTRY/weak:вход@39:43"", ""entry/strong:вход лимиткой@39:52"", ""LIMIT/strong:вход лимиткой@39:52"", ""LIMIT/weak:лимиткой@44:52"", ""MODIFY_ENTRY/w",LDOUSDT,LONG,ONE_SHOT,1,1:LIMIT:PRIMARY@0.334,0.3209,3,0.3457|0.355|0.3699,Заходим не более 1%,1.0,,,,,COMPLETE
41,trader_a,SIGNAL,PARSED,1007,2193,,"[trader #A]

#интрадей
#LINKUSDT 🐻 Шорт (вход лимиткой)

Вход (2-фазный):
— Вход лимиткой: 8,26
— Усреднение: нет


Стоп:
— SL: 8,50 🛡(от A: -2,9%, от B: —)

Тейки (интрадей, 3 цели):
— TP1: 8,09 🎯 (от A: +2,1%, от B: —)
— TP2: 7,92 🎯 (от A: +4,1%, от B: —)
— TP3: 7,74 🎯 (от A: +6,3%, от B: —)

Вход не более 1% от депозита",1.0,non_signal_intents_dropped_in_signal_message,"{""suppressed_intents"": [], ""matched_markers"": [""symbol/strong:usdt@27:31"", ""symbol/strong:usdt@27:31"", ""SHORT/strong:шорт@34:38"", ""MODIFY_ENTRY/weak:вход@40:44"", ""entry/strong:вход лимиткой@40:53"", ""LIMIT/strong:вход лимиткой@40:53"", ""LIMIT/weak:лимиткой@45:53"", ""MODIFY_ENTRY/weak:вход@55:59"", ""entr",LINKUSDT,SHORT,ONE_SHOT,1,1:LIMIT:PRIMARY@8.26,8.5,3,8.09|7.92|7.74,Вход не более 1%,1.0,,,,,COMPLETE
41,trader_a,SIGNAL,PARSED,1005,2195,,"[trader #A]

#интрадей
#DOGEUSDT 🐂 Лонг (вход лимиткой)

Вход (2-фазный):
— Вход лимиткой: 0,09199
— Усреднение: нет
Отмена входа: если 15m закреп ниже 0,09159 или цена уйдет выше 0,09653 без ретеста 0,09199

Стоп:
— SL: 0,08955 🛡(от A: -2,7%, от B: —)

Тейки (интрадей, 3 цели):
— TP1: 0,09350 🎯 (от A: +1,6%, от B: —)
— TP2: 0,09541 🎯 (от A: +3,7%, от B: —)
— TP3: 0,09687 🎯 (от A: +5,3%, от B: —)",1.0,non_signal_intents_dropped_in_signal_message,"{""suppressed_intents"": [], ""matched_markers"": [""symbol/strong:usdt@27:31"", ""symbol/strong:usdt@27:31"", ""LONG/strong:лонг@34:38"", ""MODIFY_ENTRY/weak:вход@40:44"", ""entry/strong:вход лимиткой@40:53"", ""LIMIT/strong:вход лимиткой@40:53"", ""LIMIT/weak:лимиткой@45:53"", ""MODIFY_ENTRY/weak:вход@55:59"", ""entry",DOGEUSDT,LONG,ONE_SHOT,1,1:LIMIT:PRIMARY@0.09199,0.08955,3,0.0935|0.09541|0.09687,,,,,,,COMPLETE
41,trader_a,SIGNAL,PARSED,1000,2203,,"[trader #A]

#интрадей
#JTOUSDT 🐂 Лонг (вход лимиткой)

Вход (2-фазный):
— Вход лимиткой: 0,2452
— Усреднение: нет
Отмена входа: если 15m закреп ниже 0,2444 или уйдём выше 0,2568 без ретеста 0,2452

Стоп:
— SL: 0,2382 🛡(от A: -2,9%, от B: —)

Тейки (интрадей, 3 цели):
— TP1: 0,2500 🎯 (от A: +2,0%, от B: —)
— TP2: 0,2550 🎯 (от A: +4,0%, от B: —)
— TP3: 0,2592 🎯 (от A: +5,7%, от B: —)",1.0,non_signal_intents_dropped_in_signal_message,"{""suppressed_intents"": [], ""matched_markers"": [""symbol/strong:usdt@26:30"", ""symbol/strong:usdt@26:30"", ""LONG/strong:лонг@33:37"", ""MODIFY_ENTRY/weak:вход@39:43"", ""entry/strong:вход лимиткой@39:52"", ""LIMIT/strong:вход лимиткой@39:52"", ""LIMIT/weak:лимиткой@44:52"", ""MODIFY_ENTRY/weak:вход@54:58"", ""entry",JTOUSDT,LONG,ONE_SHOT,1,1:LIMIT:PRIMARY@0.2452,0.2382,3,0.25|0.255|0.2592,,,,,,,COMPLETE
41,trader_a,SIGNAL,PARSED,993,2211,,"[trader #A]

#интрадей
#XRPUSDT 🐂 Лонг (вход лимиткой)

Вход (2-фазный):
— Вход лимиткой: 1,45
— Усреднение: нет
Отмена входа: если 15m закреп ниже 1,43 или если цена уйдёт выше 1,53 без ретеста 1,45

Стоп:
— SL: 1,41 🛡(от A: -2,8%, от B: —)

Тейки (интрадей, 3 цели):
— TP1: 1,50 🎯 (от A: +3,4%, от B: —)
— TP2: 1,53 🎯 (от A: +5,5%, от B: —)
— TP3: 1,55 🎯 (от A: +6,9%, от B: —)",1.0,non_signal_intents_dropped_in_signal_message,"{""suppressed_intents"": [], ""matched_markers"": [""leverage/weak:x@23:24"", ""symbol/strong:usdt@26:30"", ""symbol/strong:usdt@26:30"", ""LONG/strong:лонг@33:37"", ""MODIFY_ENTRY/weak:вход@39:43"", ""entry/strong:вход лимиткой@39:52"", ""LIMIT/strong:вход лимиткой@39:52"", ""LIMIT/weak:лимиткой@44:52"", ""MODIFY_ENTRY",XRPUSDT,LONG,ONE_SHOT,1,1:LIMIT:PRIMARY@1.45,1.41,3,1.5|1.53|1.55,,,,,,,COMPLETE
41,trader_a,SIGNAL,PARSED,988,2218,,"[trader #A]

#интрадей
#SUIUSDT 🐂 Лонг (вход лимиткой)

Вход (2-фазный):
— Вход лимиткой: 0,99
— Усреднение: нет

Стоп:
— SL: 0,97 🛡(от A: -2,0%, от B: —)

Тейки (интрадей, 3 цели):
— TP1: 1,01 🎯 (от A: +2,0%, от B: —)
— TP2: 1,02 🎯 (от A: +3,0%, от B: —)
— TP3: 1,04 🎯 (от A: +5,1%, от B: —)",1.0,non_signal_intents_dropped_in_signal_message,"{""suppressed_intents"": [], ""matched_markers"": [""symbol/strong:usdt@26:30"", ""symbol/strong:usdt@26:30"", ""LONG/strong:лонг@33:37"", ""MODIFY_ENTRY/weak:вход@39:43"", ""entry/strong:вход лимиткой@39:52"", ""LIMIT/strong:вход лимиткой@39:52"", ""LIMIT/weak:лимиткой@44:52"", ""MODIFY_ENTRY/weak:вход@54:58"", ""entry",SUIUSDT,LONG,ONE_SHOT,1,1:LIMIT:PRIMARY@0.99,0.97,3,1.01|1.02|1.04,,,,,,,COMPLETE
41,trader_a,SIGNAL,PARSED,987,2219,,"[trader #A]

#среднесрок
#HYPEUSDT 🐂 Лонг (вход с текущих)

— Вход с текущих: 32.895
— Усреднение: 30.542

— SL: 28.689 🛡(от A: -12.8%, от B: -6.1%)

— TP1: 36.973 🎯 (от A: +12.4%, от B: +21.1%)
— TP2: 39.183 🎯 (от A: +19.1%, от B: +28.3%)
— TP3: 44.283 🎯 (от A: +34.6%, от B: +45.0%)

— Цель: 49.183 💫 (от A: +49.5%)

Вход не более 1-2% от депозита",1.0,non_signal_intents_dropped_in_signal_message,"{""suppressed_intents"": [""MODIFY_ENTRY:вход с текущих"", ""MODIFY_ENTRY:вход с текущих""], ""matched_markers"": [""symbol/strong:usdt@29:33"", ""symbol/strong:usdt@29:33"", ""LONG/strong:лонг@36:40"", ""entry/strong:(вход с текущих)@41:57"", ""MODIFY_ENTRY/weak:вход@42:46"", ""MODIFY_ENTRY/strong:вход с текущих@42:5",HYPEUSDT,LONG,TWO_STEP,2,1:MARKET:PRIMARY@32.895|2:LIMIT:AVERAGING@30.542,28.689,3,36.973|39.183|44.283,Вход не более 1-2%,,1.0,2.0,,,COMPLETE
41,trader_a,SIGNAL,PARSED,986,2220,,"[trader #A] 

#интрадей
#SOLUSDT 🐂 Лонг (вход лимиткой)

Вход (2-фазный):
— Вход лимиткой: 86,20
— Усреднение: нет
Отмена входа: если 15m/1H закреп ниже 85,85

Стоп:
— SL: 84,29 🛡(от A: -2,2%, от B: —)

Тейки (интрадей, 3 цели):
— TP1: 87,76 🎯 (от A: +1,8%, от B: —)
— TP2: 89,12 🎯 (от A: +3,4%, от B: —)
— TP3: 90,20 🎯 (от A: +4,6%, от B: —)",1.0,non_signal_intents_dropped_in_signal_message,"{""suppressed_intents"": [], ""matched_markers"": [""symbol/strong:usdt@26:30"", ""symbol/strong:usdt@26:30"", ""LONG/strong:лонг@33:37"", ""MODIFY_ENTRY/weak:вход@39:43"", ""entry/strong:вход лимиткой@39:52"", ""LIMIT/strong:вход лимиткой@39:52"", ""LIMIT/weak:лимиткой@44:52"", ""MODIFY_ENTRY/weak:вход@54:58"", ""entry",SOLUSDT,LONG,ONE_SHOT,1,1:LIMIT:PRIMARY@86.2,84.29,3,87.76|89.12|90.2,,,,,,,COMPLETE
41,trader_a,SIGNAL,PARSED,985,2221,,"[trader #A]

#среднесрок
#MOODENGUSDT 🐻 Шорт (вход лимиткой)

Вход (2-фазный):
— Вход лимиткой: 0,0501
— Усреднение: нет

Стоп:
— SL: 0,0543 🛡(от A: -8,4%, от B: —)

Тейки (среднесрок, 3 цели):
— TP1: 0,0414 🎯 (от A: +17,4%, от B: —)
— TP2: 0,0381 🎯 (от A: +24,0%, от B: —)
— TP3: 0,0337 🎯 (от A: +32,7%, от B: —)",1.0,non_signal_intents_dropped_in_signal_message,"{""suppressed_intents"": [], ""matched_markers"": [""symbol/strong:usdt@32:36"", ""symbol/strong:usdt@32:36"", ""SHORT/strong:шорт@39:43"", ""MODIFY_ENTRY/weak:вход@45:49"", ""entry/strong:вход лимиткой@45:58"", ""LIMIT/strong:вход лимиткой@45:58"", ""LIMIT/weak:лимиткой@50:58"", ""MODIFY_ENTRY/weak:вход@60:64"", ""entr",MOODENGUSDT,SHORT,ONE_SHOT,1,1:LIMIT:PRIMARY@0.0501,0.0543,3,0.0414|0.0381|0.0337,,,,,,,COMPLETE
41,trader_a,SIGNAL,PARSED,984,2222,,"[trader #A]

#среднесрок
#LTCUSDT 🐻 Шорт (вход лимиткой)

Вход (2-фазный):
— Вход лимиткой: 59.17
— Усреднение: 61.31

Стоп:
— SL: 65.49 🛡(от A: -10.68%, от B: -6.82%)

Тейки (среднесрок, 3 цели):
— TP1: 55.04 🎯 (от A: +6.98%, от B: +10.23%)
— TP2: 50.12 🎯 (от A: +15.29%, от B: +18.25%)
— TP3: 44.97 🎯 (от A: +24.00%, от B: +26.65%)

Вход не более 1–1.5% от депозита",1.0,non_signal_intents_dropped_in_signal_message,"{""suppressed_intents"": [], ""matched_markers"": [""symbol/strong:usdt@28:32"", ""symbol/strong:usdt@28:32"", ""SHORT/strong:шорт@35:39"", ""MODIFY_ENTRY/weak:вход@41:45"", ""entry/strong:вход лимиткой@41:54"", ""LIMIT/strong:вход лимиткой@41:54"", ""LIMIT/weak:лимиткой@46:54"", ""MODIFY_ENTRY/weak:вход@56:60"", ""entr",LTCUSDT,SHORT,RANGE,2,1:LIMIT:PRIMARY@1.0|2:LIMIT:AVERAGING@1.0,65.49,3,55.04|50.12|44.97,Вход не более 1–1.5%,,1.0,1.5,,,COMPLETE
41,trader_a,SIGNAL,PARSED,976,2234,,"[trader #A]

#среднесрок
#VIRTUALUSDT 🐂 Лонг (вход с текущих)

Вход (2-фазный):
— Вход с текущих: 0.5923
— Усреднение: 0.5543

Стоп:
— SL: 0.5141 🛡(от A: -13,2%, от B: -7,3%)

Тейки (среднесрок, 3 цели):
— TP1: 0.6713 🎯 (от A: +13,3%, от B: +21,1%)
— TP2: 0.7176 🎯 (от A: +21,2%, от B: +29,5%)
— TP3: 0.9457 🎯 (от A: +59,7%, от B: +70,6%)",1.0,non_signal_intents_dropped_in_signal_message,"{""suppressed_intents"": [""MODIFY_ENTRY:вход с текущих"", ""MODIFY_ENTRY:вход с текущих""], ""matched_markers"": [""symbol/strong:usdt@32:36"", ""symbol/strong:usdt@32:36"", ""LONG/strong:лонг@39:43"", ""entry/strong:(вход с текущих)@44:60"", ""MODIFY_ENTRY/weak:вход@45:49"", ""MODIFY_ENTRY/strong:вход с текущих@45:5",VIRTUALUSDT,LONG,TWO_STEP,2,1:MARKET:PRIMARY@0.5923|2:LIMIT:AVERAGING@0.5543,0.5141,3,0.6713|0.7176|0.9457,,,,,,,COMPLETE
41,trader_a,SIGNAL,PARSED,973,2242,,"[trader #A]

#среднесрок
#FARTCOINUSDT 🐻 Шорт (вход лимиткой)

Вход (2-фазный):
— Вход лимиткой: 0,2287
— Усреднение: 0,2407
Отмена входа: 4H закрытие выше 0,2531

Стоп:
— SL: 0,2531 🛡(от A: -10,7%, от B: -5,2%)

Тейки (среднесрок, 3 цели):
— TP1: 0,1992 🎯 (от A: +12,9%, от B: +17,2%)
— TP2: 0,1697 🎯 (от A: +25,8%, от B: +29,5%)
— TP3: 0,1563 🎯 (от A: +31,7%, от B: +35,1%)

Вход не более 1-2% от депозита",1.0,non_signal_intents_dropped_in_signal_message,"{""suppressed_intents"": [], ""matched_markers"": [""symbol/strong:usdt@33:37"", ""symbol/strong:usdt@33:37"", ""SHORT/strong:шорт@40:44"", ""MODIFY_ENTRY/weak:вход@46:50"", ""entry/strong:вход лимиткой@46:59"", ""LIMIT/strong:вход лимиткой@46:59"", ""LIMIT/weak:лимиткой@51:59"", ""MODIFY_ENTRY/weak:вход@61:65"", ""entr",FARTCOINUSDT,SHORT,TWO_STEP,2,1:LIMIT:PRIMARY@0.2287|2:LIMIT:AVERAGING@0.2407,0.2531,3,0.1992|0.1697|0.1563,Вход не более 1-2%,,1.0,2.0,,,COMPLETE
41,trader_a,SIGNAL,PARSED,972,2243,,"[trader #A]

#среднесрок
#ASTERUSDT 🐂 Лонг (вход лимиткой)

Вход (2-фазный):
— Вход лимиткой: 0,5882
— Усреднение: 0,5594
Отмена входа: если 1D закроется ниже 0,5556 до исполнения

Стоп:
— SL: 0,5003 🛡(от A: -14,9%, от B: -10,6%)

Тейки (среднесрок, 3 цели):
— TP1: 0,6891 🎯 (от A: +17,2%, от B: +23,2%)
— TP2: 0,8279 🎯 (от A: +40,8%, от B: +48,0%)
— TP3: 1,0437 🎯 (от A: +77,4%, от B: +86,6%)",1.0,non_signal_intents_dropped_in_signal_message,"{""suppressed_intents"": [], ""matched_markers"": [""symbol/strong:usdt@30:34"", ""symbol/strong:usdt@30:34"", ""LONG/strong:лонг@37:41"", ""MODIFY_ENTRY/weak:вход@43:47"", ""entry/strong:вход лимиткой@43:56"", ""LIMIT/strong:вход лимиткой@43:56"", ""LIMIT/weak:лимиткой@48:56"", ""MODIFY_ENTRY/weak:вход@58:62"", ""entry",ASTERUSDT,LONG,TWO_STEP,2,1:LIMIT:PRIMARY@0.5882|2:LIMIT:AVERAGING@0.5594,0.5003,3,0.6891|0.8279|1.0437,,,,,,,COMPLETE
41,trader_a,SIGNAL,PARSED,964,2256,,"[trader #A]

#среднесрок
#BTCUSDT 🐂 Лонг (вход с текущих)


Вход (2-фазный):
— Вход с текущих: 70 606.30
— Усреднение: нет

Стоп:
— SL: 66 668.10 🛡(от A: -5.6%, от B: —)

Тейки (среднесрок, 3 цели):
— TP1: 78 236.30 🎯 (от A: +10.8%, от B: —)
— TP2: 84 335.30 🎯 (от A: +19.4%, от B: —)
— TP3: 93 935.20 🎯 (от A: +33.1%, от B: —)

Спот (цель по 1W-ТФ):
— Цель: 95 366.10 💫 (от A: +35.1%)",1.0,non_signal_intents_dropped_in_signal_message,"{""suppressed_intents"": [""MODIFY_ENTRY:вход с текущих"", ""MODIFY_ENTRY:вход с текущих""], ""matched_markers"": [""symbol/strong:usdt@28:32"", ""symbol/strong:usdt@28:32"", ""LONG/strong:лонг@35:39"", ""entry/strong:(вход с текущих)@40:56"", ""MODIFY_ENTRY/weak:вход@41:45"", ""MODIFY_ENTRY/strong:вход с текущих@41:5",BTCUSDT,LONG,ONE_SHOT,1,1:MARKET:PRIMARY@70606.3,66668.1,3,78236.3|84335.3|93935.2,,,,,,,COMPLETE
41,trader_a,SIGNAL,PARSED,962,2261,,"[trader #A]

#среднесрок
#HAEDALUSDT 🐂 Лонг (вход лимиткой)

Вход (2-фазный):
— Вход лимиткой: 0,0266
— Усреднение: 0,0257
Отмена входа: 4H закрытие ниже 0,0254

Стоп:
— SL: 0,0241 🛡(от A: -9,4%, от B: -6,2%)

Тейки (среднесрок, 3 цели):
— TP1: 0,0338 🎯 (от A: +27,1%, от B: +31,5%)
— TP2: 0,0372 🎯 (от A: +39,8%, от B: +44,7%)
— TP3: 0,0407 🎯 (от A: +53,0%, от B: +58,4%)


цена сейчас ниже чем в сетапе, можно зайти с текущих",1.0,non_signal_intents_dropped_in_signal_message,"{""suppressed_intents"": [], ""matched_markers"": [""symbol/strong:usdt@31:35"", ""symbol/strong:usdt@31:35"", ""LONG/strong:лонг@38:42"", ""MODIFY_ENTRY/weak:вход@44:48"", ""entry/strong:вход лимиткой@44:57"", ""LIMIT/strong:вход лимиткой@44:57"", ""LIMIT/weak:лимиткой@49:57"", ""MODIFY_ENTRY/weak:вход@59:63"", ""entry",HAEDALUSDT,LONG,TWO_STEP,2,1:LIMIT:PRIMARY@0.0266|2:LIMIT:AVERAGING@0.0257,0.0241,3,0.0338|0.0372|0.0407,,,,,,,COMPLETE
41,trader_a,SIGNAL,PARSED,952,2275,,"[trader #A]

#среднесрок
#ZILUSDT 🐂 Лонг (вход с текущих)

Вход (2-фазный):
— Вход с текущих: 0,004163
— Усреднение: 0,003909

Стоп:
— SL: 0,003334 🛡(от A: -19,9%, от B: -14,7%)

Тейки (среднесрок, 3 цели):
— TP1: 0,005015 🎯 (от A: +20,5%, от B: +28,3%)
— TP2: 0,006331 🎯 (от A: +52,1%, от B: +62,0%)
— TP3: 0,009488 🎯 (от A: +127,9%, от B: +142,7%)

Вход не более 1–1,5% от депозита

монструозная сделка...",1.0,non_signal_intents_dropped_in_signal_message,"{""suppressed_intents"": [""MODIFY_ENTRY:вход с текущих"", ""MODIFY_ENTRY:вход с текущих""], ""matched_markers"": [""symbol/strong:usdt@28:32"", ""symbol/strong:usdt@28:32"", ""LONG/strong:лонг@35:39"", ""entry/strong:(вход с текущих)@40:56"", ""MODIFY_ENTRY/weak:вход@41:45"", ""MODIFY_ENTRY/strong:вход с текущих@41:5",ZILUSDT,LONG,RANGE,2,1:LIMIT:PRIMARY@1.0|2:LIMIT:AVERAGING@1.0,0.003334,3,0.005015|0.006331|0.009488,"Вход не более 1–1,5%",,1.0,1.5,,,COMPLETE
41,trader_a,SIGNAL,PARSED,944,2287,,"[trader #A]

#интрадей
#FARTCOINUSDT 🐻 Шорт (вход лимиткой)

Вход (2-фазный):
— Вход A: 0.1882
— Вход B (усреднение/добор): 0.1900 

Стоп:
— SL: 0.1950 🛡 (от A: -3.6%, от B: -2.6%)

Тейки (интрадей, 3 цели):
— TP1: 0.1825 🎯 (от A: +3.0%, от B: +3.9%)
— TP2: 0.1750 🎯 (от A: +7.0%, от B: +7.9%)
— TP3: 0.1680 🎯 (от A: +10.7%, от B: +11.6%)",1.0,non_signal_intents_dropped_in_signal_message,"{""suppressed_intents"": [], ""matched_markers"": [""symbol/strong:usdt@31:35"", ""symbol/strong:usdt@31:35"", ""SHORT/strong:шорт@38:42"", ""MODIFY_ENTRY/weak:вход@44:48"", ""entry/strong:вход лимиткой@44:57"", ""LIMIT/strong:вход лимиткой@44:57"", ""LIMIT/weak:лимиткой@49:57"", ""MODIFY_ENTRY/weak:вход@59:63"", ""entr",FARTCOINUSDT,SHORT,TWO_STEP,2,1:LIMIT:PRIMARY@0.1882|2:LIMIT:AVERAGING@0.19,0.195,3,0.1825|0.175|0.168,,,,,,,COMPLETE
41,trader_a,SIGNAL,PARSED,939,2294,,"[trader #A]

#интрадей
#ARUSDT 🐻 Шорт (вход лимиткой)

Вход (2-фазный):
— Вход лимиткой: 1,83
— Усреднение: нет

Стоп:
— SL: 1,85 🛡(от A: -1,1%, от B: —)

Тейки (интрадей, 3 цели):
— TP1: 1,81 🎯 (от A: +1,1%, от B: —)

прорепетируем одной сделкой вечерний марафон",1.0,non_signal_intents_dropped_in_signal_message,"{""suppressed_intents"": [], ""matched_markers"": [""symbol/strong:usdt@25:29"", ""symbol/strong:usdt@25:29"", ""SHORT/strong:шорт@32:36"", ""MODIFY_ENTRY/weak:вход@38:42"", ""entry/strong:вход лимиткой@38:51"", ""LIMIT/strong:вход лимиткой@38:51"", ""LIMIT/weak:лимиткой@43:51"", ""MODIFY_ENTRY/weak:вход@53:57"", ""entr",ARUSDT,SHORT,ONE_SHOT,1,1:LIMIT:PRIMARY@1.83,1.85,1,1.81,,,,,,,COMPLETE
41,trader_a,SIGNAL,PARSED,895,2342,,"[trader #A]

#интрадей
#APEUSDT 🐂 Лонг (вход лимиткой)

Вход (2-фазный):
— Вход лимиткой: 0,12300
— Усреднение: нет
Отмена входа: если цена уходит выше 0,12500 без ретеста 0,12300

Стоп:
— SL: 0,12144 🛡(от A: -1,3%, от B: —)

Тейки (интрадей, 3 цели):
— TP1: 0,12440 🎯 (от A: +1,1%, от B: —)",1.0,non_signal_intents_dropped_in_signal_message,"{""suppressed_intents"": [], ""matched_markers"": [""symbol/strong:usdt@26:30"", ""symbol/strong:usdt@26:30"", ""LONG/strong:лонг@33:37"", ""MODIFY_ENTRY/weak:вход@39:43"", ""entry/strong:вход лимиткой@39:52"", ""LIMIT/strong:вход лимиткой@39:52"", ""LIMIT/weak:лимиткой@44:52"", ""MODIFY_ENTRY/weak:вход@54:58"", ""entry",APEUSDT,LONG,ONE_SHOT,1,1:LIMIT:PRIMARY@0.123,0.12144,1,0.1244,,,,,,,COMPLETE
41,trader_a,SIGNAL,PARSED,890,2348,,"[trader #A]

#среднесрок
#LINKUSDT 🐻 Шорт (вход лимиткой)

Вход (2-фазный):
— Вход лимиткой: 8,95
— Усреднение: нет

Стоп:
— SL: 9,48 🛡(от A: -5,92%, от B: —)

Тейки (среднесрок, 3 цели):
— TP1: 8,30 🎯 (от A: +7,26%, от B: —)
— TP2: 7,50 🎯 (от A: +16,20%, от B: —)
— TP3: 7,10 🎯 (от A: +20,67%, от B: —)",1.0,non_signal_intents_dropped_in_signal_message,"{""suppressed_intents"": [], ""matched_markers"": [""symbol/strong:usdt@29:33"", ""symbol/strong:usdt@29:33"", ""SHORT/strong:шорт@36:40"", ""MODIFY_ENTRY/weak:вход@42:46"", ""entry/strong:вход лимиткой@42:55"", ""LIMIT/strong:вход лимиткой@42:55"", ""LIMIT/weak:лимиткой@47:55"", ""MODIFY_ENTRY/weak:вход@57:61"", ""entr",LINKUSDT,SHORT,ONE_SHOT,1,1:LIMIT:PRIMARY@8.95,9.48,3,8.3|7.5|7.1,,,,,,,COMPLETE
41,trader_a,SIGNAL,PARSED,880,2359,,"[trader #A]

#среднесрок
#LDOUSDT 🐂 Лонг (вход с текущих)

Вход (2-фазный):
— Вход с текущих: 0,3319
— Усреднение: 0,3226

Стоп:
— SL: 0,2943 🛡(от A: -11,3%, от B: -8,8%)

Тейки (среднесрок, 3 цели):
— TP1: 0,3609 🎯 (от A: +8,7%, от B: +11,9%)
— TP2: 0,4111 🎯 (от A: +23,9%, от B: +27,4%)
— TP3: 0,4947 🎯 (от A: +49,1%, от B: +53,3%)",1.0,non_signal_intents_dropped_in_signal_message,"{""suppressed_intents"": [""MODIFY_ENTRY:вход с текущих"", ""MODIFY_ENTRY:вход с текущих""], ""matched_markers"": [""symbol/strong:usdt@28:32"", ""symbol/strong:usdt@28:32"", ""LONG/strong:лонг@35:39"", ""entry/strong:(вход с текущих)@40:56"", ""MODIFY_ENTRY/weak:вход@41:45"", ""MODIFY_ENTRY/strong:вход с текущих@41:5",LDOUSDT,LONG,TWO_STEP,2,1:MARKET:PRIMARY@0.3319|2:LIMIT:AVERAGING@0.3226,0.2943,3,0.3609|0.4111|0.4947,,,,,,,COMPLETE
41,trader_a,SIGNAL,PARSED,879,2360,,"[trader #A] 

#среднесрок
#PEOPLEUSDT 🐂 Лонг (вход с текущих)

Вход (2-фазный):
— Вход с текущих: 0,006509
— Усреднение: нет

Стоп:
— SL: 0,005643 🛡(от A: -13,3%, от B: —)

Тейки (среднесрок, 3 цели):
— TP1: 0,007591 🎯 (от A: +16,6%, от B: —)
— TP2: 0,008698 🎯 (от A: +33,6%, от B: —)
— TP3: 0,011071 🎯 (от A: +70,1%, от B: —)",1.0,non_signal_intents_dropped_in_signal_message,"{""suppressed_intents"": [""MODIFY_ENTRY:вход с текущих"", ""MODIFY_ENTRY:вход с текущих""], ""matched_markers"": [""symbol/strong:usdt@31:35"", ""symbol/strong:usdt@31:35"", ""LONG/strong:лонг@38:42"", ""entry/strong:(вход с текущих)@43:59"", ""MODIFY_ENTRY/weak:вход@44:48"", ""MODIFY_ENTRY/strong:вход с текущих@44:5",PEOPLEUSDT,LONG,ONE_SHOT,1,1:MARKET:PRIMARY@0.006509,0.005643,3,0.007591|0.008698|0.011071,,,,,,,COMPLETE
41,trader_a,SIGNAL,PARSED,878,2361,,"[trader #A]

#среднесрок
#FARTCOINUSDT 🐂 Лонг (вход с текущих)

Вход (2-фазный):
— Вход с текущих: 0,1729
— Усреднение: 0,1665

Стоп:
— SL: 0,1517 🛡(от A: -12,3%, от B: -8,9%)

Тейки (среднесрок, 3 цели):
— TP1: 0,1971 🎯 (от A: +14,0%, от B: +18,4%)
— TP2: 0,2281 🎯 (от A: +31,9%, от B: +37,0%)
— TP3: 0,2756 🎯 (от A: +59,4%, от B: +65,5%)",1.0,non_signal_intents_dropped_in_signal_message,"{""suppressed_intents"": [""MODIFY_ENTRY:вход с текущих"", ""MODIFY_ENTRY:вход с текущих""], ""matched_markers"": [""symbol/strong:usdt@33:37"", ""symbol/strong:usdt@33:37"", ""LONG/strong:лонг@40:44"", ""entry/strong:(вход с текущих)@45:61"", ""MODIFY_ENTRY/weak:вход@46:50"", ""MODIFY_ENTRY/strong:вход с текущих@46:6",FARTCOINUSDT,LONG,TWO_STEP,2,1:MARKET:PRIMARY@0.1729|2:LIMIT:AVERAGING@0.1665,0.1517,3,0.1971|0.2281|0.2756,,,,,,,COMPLETE
41,trader_a,SIGNAL,PARSED,871,2371,,"[trader #A]

#среднесрок
#DOGEUSDT 🐂 Лонг (вход с текущих) 

Вход (2-фазный):
— Вход с текущих: 0,09384
— Усреднение: нет

Стоп:
— SL: 0,08413 🛡(от A: -10,4%, от B: —)

Тейки (среднесрок, 3 цели):
— TP1: 0,10582 🎯 (от A: +12,8%, от B: —)
— TP2: 0,11985 🎯 (от A: +27,7%, от B: —)
— TP3: 0,14707 🎯 (от A: +56,7%, от B: —)",1.0,non_signal_intents_dropped_in_signal_message,"{""suppressed_intents"": [""MODIFY_ENTRY:вход с текущих"", ""MODIFY_ENTRY:вход с текущих""], ""matched_markers"": [""symbol/strong:usdt@29:33"", ""symbol/strong:usdt@29:33"", ""LONG/strong:лонг@36:40"", ""entry/strong:(вход с текущих)@41:57"", ""MODIFY_ENTRY/weak:вход@42:46"", ""MODIFY_ENTRY/strong:вход с текущих@42:5",DOGEUSDT,LONG,ONE_SHOT,1,1:MARKET:PRIMARY@0.09384,0.08413,3,0.10582|0.11985|0.14707,,,,,,,COMPLETE
41,trader_a,SIGNAL,PARSED,851,2397,,"Trader #A

#интрадей
#COMPUSDT 🐂 Лонг (вход лимиткой)

Вход (2-фазный):
— Вход лимиткой: 15,90
— Усреднение: нет
Отмена входа: если 15m закрепится выше 17,50 без ретеста 15,90.

Стоп:
— SL: 15,50 🛡(от A: -2,5%, от B: —)

Тейки (интрадей, 3 цели):
— TP1: 16,30 🎯 (от A: +2,5%, от B: —)
— TP2: 17,50 🎯 (от A: +10,1%, от B: —)
— TP3: 18,00 🎯 (от A: +13,2%, от B: —)",1.0,non_signal_intents_dropped_in_signal_message,"{""suppressed_intents"": [], ""matched_markers"": [""symbol/strong:usdt@25:29"", ""symbol/strong:usdt@25:29"", ""LONG/strong:лонг@32:36"", ""MODIFY_ENTRY/weak:вход@38:42"", ""entry/strong:вход лимиткой@38:51"", ""LIMIT/strong:вход лимиткой@38:51"", ""LIMIT/weak:лимиткой@43:51"", ""MODIFY_ENTRY/weak:вход@53:57"", ""entry",COMPUSDT,LONG,ONE_SHOT,1,1:LIMIT:PRIMARY@15.9,15.5,3,16.3|17.5|18.0,,,,,,,COMPLETE
41,trader_a,SIGNAL,PARSED,845,2405,,"[trader #A]

#среднесрок
#SAGAUSDT 🐂 Лонг (вход с текущих)

Вход (2-фазный):
— Вход с текущих: 0,03271
— Усреднение: нет

Стоп:
— SL: 0,02960 🛡(от A: -9,5%, от B: —)

Тейки (среднесрок, 3 цели):
— TP1: 0,03777 🎯 (от A: +15,5%, от B: —)
— TP2: 0,04306 🎯 (от A: +31,6%, от B: —)
— TP3: 0,04901 🎯 (от A: +49,8%, от B: —)\",1.0,non_signal_intents_dropped_in_signal_message,"{""suppressed_intents"": [""MODIFY_ENTRY:вход с текущих"", ""MODIFY_ENTRY:вход с текущих""], ""matched_markers"": [""symbol/strong:usdt@29:33"", ""symbol/strong:usdt@29:33"", ""LONG/strong:лонг@36:40"", ""entry/strong:(вход с текущих)@41:57"", ""MODIFY_ENTRY/weak:вход@42:46"", ""MODIFY_ENTRY/strong:вход с текущих@42:5",SAGAUSDT,LONG,ONE_SHOT,1,1:MARKET:PRIMARY@0.03271,0.0296,3,0.03777|0.04306|0.04901,,,,,,,COMPLETE
41,trader_a,SIGNAL,PARSED,839,2411,,"[trader #A]

#среднесрок
#PORTALUSDT 🐂 Лонг (вход с текущих)

Вход (2-фазный):
— Вход с текущих: 0,01458
— Усреднение: нет

Стоп:
— SL: 0,01348 🛡(от A: -7,5%, от B: —)

Тейки (среднесрок, 3 цели):
— TP1: 0,01621 🎯 (от A: +11,2%, от B: —)
— TP2: 0,01829 🎯 (от A: +25,4%, от B: —)
— TP3: 0,02612 🎯 (от A: +79,1%, от B: —)",1.0,non_signal_intents_dropped_in_signal_message,"{""suppressed_intents"": [""MODIFY_ENTRY:вход с текущих"", ""MODIFY_ENTRY:вход с текущих""], ""matched_markers"": [""symbol/strong:usdt@31:35"", ""symbol/strong:usdt@31:35"", ""LONG/strong:лонг@38:42"", ""entry/strong:(вход с текущих)@43:59"", ""MODIFY_ENTRY/weak:вход@44:48"", ""MODIFY_ENTRY/strong:вход с текущих@44:5",PORTALUSDT,LONG,ONE_SHOT,1,1:MARKET:PRIMARY@0.01458,0.01348,3,0.01621|0.01829|0.02612,,,,,,,COMPLETE
41,trader_a,SIGNAL,PARSED,830,2425,,"[trader #A]

#среднесрок
#BTCUSDT 🐻 Шорт (вход с текущих)

Вход (2-фазный):
— Вход с текущих: 67 887,60
— Усреднение: нет

Стоп:
— SL: 71 286,90 🛡(от A: -5,0%, от B: —)

Тейки (среднесрок):
— TP1: 61 119,40 🎯


У меня был такой сетап в загашнике, твх сейчас очень приятная. 
Можно попробовать с текущих 


В статистке вход будет с 70400",1.0,non_signal_intents_dropped_in_signal_message,"{""suppressed_intents"": [""MODIFY_ENTRY:вход с текущих"", ""MODIFY_ENTRY:вход с текущих""], ""matched_markers"": [""symbol/strong:usdt@28:32"", ""symbol/strong:usdt@28:32"", ""SHORT/strong:шорт@35:39"", ""entry/strong:(вход с текущих)@40:56"", ""MODIFY_ENTRY/weak:вход@41:45"", ""MODIFY_ENTRY/strong:вход с текущих@41:",BTCUSDT,SHORT,ONE_SHOT,1,1:MARKET:PRIMARY@67887.6,71286.9,1,61119.4,,,,,,,COMPLETE
41,trader_a,SIGNAL,PARSED,819,2443,,"[trader #A]

#среднесрок
#DOGEUSDT 🐻 Шорт (вход с текущих)

Вход (2-фазный):
— Вход с текущих: 0,1078
— Усреднение: 0,1114

Стоп:
— SL: 0,1133 🛡(от A: -5,1%, от B: -1,7%)

Тейки (среднесрок, 3 цели):
— TP1: 0,0998 🎯 (от A: +7,4%, от B: +10,4%)
— TP2: 0,0966 🎯 (от A: +10,4%, от B: +13,3%)
— TP3: 0,0878 🎯 (от A: +18,6%, от B: +21,2%)",1.0,non_signal_intents_dropped_in_signal_message,"{""suppressed_intents"": [""MODIFY_ENTRY:вход с текущих"", ""MODIFY_ENTRY:вход с текущих""], ""matched_markers"": [""symbol/strong:usdt@29:33"", ""symbol/strong:usdt@29:33"", ""SHORT/strong:шорт@36:40"", ""entry/strong:(вход с текущих)@41:57"", ""MODIFY_ENTRY/weak:вход@42:46"", ""MODIFY_ENTRY/strong:вход с текущих@42:",DOGEUSDT,SHORT,TWO_STEP,2,1:MARKET:PRIMARY@0.1078|2:LIMIT:AVERAGING@0.1114,0.1133,3,0.0998|0.0966|0.0878,,,,,,,COMPLETE
41,trader_a,SIGNAL,PARSED,818,2444,,"[trader #A]

#среднесрок
#XRPUSDT 🐻 Шорт (вход с текущих)

Вход (2-фазный):
— Вход с текущих: 1,5226
— Усреднение: нет

Стоп:
— SL: 1,7447 🛡(от A: -14,6%, от B: —)

Тейки (среднесрок, 3 цели):
— TP1: 1,4189 🎯 (от A: +6,8%, от B: —)
— TP2: 0,5419 🎯 (от A: +64,4%, от B: —)
— TP3: 0,4586 🎯 (от A: +69,9%, от B: —)

не пугаемся тейкам) просто закрываем глаза и ждем))",1.0,non_signal_intents_dropped_in_signal_message,"{""suppressed_intents"": [""MODIFY_ENTRY:вход с текущих"", ""MODIFY_ENTRY:вход с текущих"", ""TP_HIT:тейки"", ""TP_HIT:цели"", ""TP_HIT:tp1"", ""TP_HIT:tp2"", ""TP_HIT:tp3"", ""TP_HIT:тейкам""], ""matched_markers"": [""leverage/weak:x@25:26"", ""symbol/strong:usdt@28:32"", ""symbol/strong:usdt@28:32"", ""SHORT/strong:шорт@35:",XRPUSDT,SHORT,ONE_SHOT,1,1:MARKET:PRIMARY@1.5226,1.7447,3,1.4189|0.5419|0.4586,,,,,,,COMPLETE
41,trader_a,SIGNAL,PARSED,817,2445,,"[trader #A]

#среднесрок
#AAVEUSDT 🐻 Шорт (вход с текущих)

Вход (2-фазный):
— Вход с текущих: 125,47
— Усреднение: нет

Стоп:
— SL: 139,17 🛡(от A: -10,9%, от B: —)

Тейки (среднесрок, 3 цели):
— TP1: 100,63 🎯 (от A: +19,8%, от B: —)
— TP2: 64,63 🎯 (от A: +48,5%, от B: —)
— TP3: 52,13 🎯 (от A: +58,5%, от B: —)",1.0,non_signal_intents_dropped_in_signal_message,"{""suppressed_intents"": [""MODIFY_ENTRY:вход с текущих"", ""MODIFY_ENTRY:вход с текущих""], ""matched_markers"": [""symbol/strong:usdt@29:33"", ""symbol/strong:usdt@29:33"", ""SHORT/strong:шорт@36:40"", ""entry/strong:(вход с текущих)@41:57"", ""MODIFY_ENTRY/weak:вход@42:46"", ""MODIFY_ENTRY/strong:вход с текущих@42:",AAVEUSDT,SHORT,ONE_SHOT,1,1:MARKET:PRIMARY@125.47,139.17,3,100.63|64.63|52.13,,,,,,,COMPLETE
41,trader_a,SIGNAL,PARSED,816,2446,,"[trader #A]

#интрадей
#TAOUSDT 🐻 Шорт (вход лимиткой)

Вход (2-фазный):
— Вход лимиткой: 188,45
— Усреднение: нет

Стоп:
— SL: 194,00 🛡(от A: -2,9%, от B: —)

Тейки (интрадей, 3 цели):
— TP1: 183,49 🎯 (от A: +2,6%, от B: —)
— TP2: 178,28 🎯 (от A: +5,4%, от B: —)
— TP3: 173,10 🎯 (от A: +8,1%, от B: —)

давно не было, давайте пробовать
фиксация 50/40/10",1.0,non_signal_intents_dropped_in_signal_message,"{""suppressed_intents"": [], ""matched_markers"": [""symbol/strong:usdt@26:30"", ""symbol/strong:usdt@26:30"", ""SHORT/strong:шорт@33:37"", ""MODIFY_ENTRY/weak:вход@39:43"", ""entry/strong:вход лимиткой@39:52"", ""LIMIT/strong:вход лимиткой@39:52"", ""LIMIT/weak:лимиткой@44:52"", ""MODIFY_ENTRY/weak:вход@54:58"", ""entr",TAOUSDT,SHORT,ONE_SHOT,1,1:LIMIT:PRIMARY@188.45,194.0,3,183.49|178.28|173.1,,,,,,,COMPLETE
41,trader_a,SIGNAL,PARSED,815,2447,,"[trader #A]

#интрадей
#RUNEUSDT 🐻 Шорт (вход лимиткой)

Вход (2-фазный):
— Вход лимиткой: 0,4130
— Усреднение: нет

Стоп:
— SL: 0,4181 🛡(от A: -1,2%, от B: —)

Тейки (интрадей, 3 цели):
— TP1: 0,4094 🎯 (от A: +0,9%, от B: —)
— TP2: 0,3900 🎯 (от A: +5,6%, от B: —)
— TP3: 0,3840 🎯 (от A: +7,0%, от B: —)",1.0,non_signal_intents_dropped_in_signal_message,"{""suppressed_intents"": [], ""matched_markers"": [""symbol/strong:usdt@27:31"", ""symbol/strong:usdt@27:31"", ""SHORT/strong:шорт@34:38"", ""MODIFY_ENTRY/weak:вход@40:44"", ""entry/strong:вход лимиткой@40:53"", ""LIMIT/strong:вход лимиткой@40:53"", ""LIMIT/weak:лимиткой@45:53"", ""MODIFY_ENTRY/weak:вход@55:59"", ""entr",RUNEUSDT,SHORT,ONE_SHOT,1,1:LIMIT:PRIMARY@0.413,0.4181,3,0.4094|0.39|0.384,,,,,,,COMPLETE
41,trader_a,SIGNAL,PARSED,802,2468,,"[trader #A]

#среднесрок
#SOLUSDT 🐻 Шорт (вход с текущих)

Вход (2-фазный):
— Вход с текущих: 84,65
— Усреднение: нет

Стоп:
— SL: 90,89 🛡(от A: -7,4%, от B: —)

Тейки (среднесрок, 3 цели):
— TP1: 78,61 🎯 (от A: +7,1%, от B: —)
— TP2: 74,61 🎯 (от A: +11,9%, от B: —)
— TP3: 70,61 🎯 (от A: +16,6%, от B: —)",1.0,non_signal_intents_dropped_in_signal_message,"{""suppressed_intents"": [""MODIFY_ENTRY:вход с текущих"", ""MODIFY_ENTRY:вход с текущих""], ""matched_markers"": [""symbol/strong:usdt@28:32"", ""symbol/strong:usdt@28:32"", ""SHORT/strong:шорт@35:39"", ""entry/strong:(вход с текущих)@40:56"", ""MODIFY_ENTRY/weak:вход@41:45"", ""MODIFY_ENTRY/strong:вход с текущих@41:",SOLUSDT,SHORT,ONE_SHOT,1,1:MARKET:PRIMARY@84.65,90.89,3,78.61|74.61|70.61,,,,,,,COMPLETE
41,trader_a,SIGNAL,PARSED,796,2480,,"[trader #A]

#среднесрок
#NEARUSDT 🐻 Шорт (вход с текущих)

Вход (2-фазный):
— Вход с текущих: 1.0583
— Усреднение: 1.0837

Стоп:
— SL: 1.1154 🛡(от A: -5.4%, от B: -2.9%)

Тейки (среднесрок, 3 цели):
— TP1: 0.9867 🎯 (от A: +6.8%, от B: +9.0%)
— TP2: 0.9433 🎯 (от A: +10.9%, от B: +13.0%)
— TP3: 0.8679 🎯 (от A: +18.0%, от B: +19.9%)",1.0,non_signal_intents_dropped_in_signal_message,"{""suppressed_intents"": [""MODIFY_ENTRY:вход с текущих"", ""MODIFY_ENTRY:вход с текущих""], ""matched_markers"": [""symbol/strong:usdt@29:33"", ""symbol/strong:usdt@29:33"", ""SHORT/strong:шорт@36:40"", ""entry/strong:(вход с текущих)@41:57"", ""MODIFY_ENTRY/weak:вход@42:46"", ""MODIFY_ENTRY/strong:вход с текущих@42:",NEARUSDT,SHORT,TWO_STEP,2,1:MARKET:PRIMARY@1.0583|2:LIMIT:AVERAGING@1.0837,1.1154,3,0.9867|0.9433|0.8679,,,,,,,COMPLETE
41,trader_a,SIGNAL,PARSED,764,2522,,"[trader #A]

#интрадей
#XMRUSDT 🐻 Шорт (вход лимиткой)

Вход (2-фазный):
— Вход лимиткой: 336,60
— Усреднение: 340,60
Отмена входа: если 15m закрепится выше 341,30

Стоп:
— SL: 341,30 🛡(от A: -1,4%, от B: -0,2%)

Тейки (интрадей, 3 цели):
— TP1: 333,80 🎯 (от A: +0,8%, от B: +2,0%)",1.0,non_signal_intents_dropped_in_signal_message,"{""suppressed_intents"": [], ""matched_markers"": [""leverage/weak:x@23:24"", ""symbol/strong:usdt@26:30"", ""symbol/strong:usdt@26:30"", ""SHORT/strong:шорт@33:37"", ""MODIFY_ENTRY/weak:вход@39:43"", ""entry/strong:вход лимиткой@39:52"", ""LIMIT/strong:вход лимиткой@39:52"", ""LIMIT/weak:лимиткой@44:52"", ""MODIFY_ENTR",XMRUSDT,SHORT,TWO_STEP,2,1:LIMIT:PRIMARY@336.6|2:LIMIT:AVERAGING@340.6,341.3,1,333.8,,,,,,,COMPLETE
41,trader_a,SIGNAL,PARSED,747,2543,,"[trader #A]

#среднесрок
#TONUSDT 🐻 Шорт (вход с текущих)

Вход (2-фазный):
— Вход с текущих: 1,4137
— Усреднение: 1,4365

Стоп:
— SL: 1,4755 🛡(от A: -4,4%, от B: -2,7%)

Тейки (среднесрок, 3 цели):
— TP1: 1,3497 🎯 (от A: +4,5%, от B: +6,0%)
— TP2: 1,3017 🎯 (от A: +7,9%, от B: +9,4%)
— TP3: 1,2447 🎯 (от A: +12,0%, от B: +13,4%)",1.0,non_signal_intents_dropped_in_signal_message,"{""suppressed_intents"": [""MODIFY_ENTRY:вход с текущих"", ""MODIFY_ENTRY:вход с текущих""], ""matched_markers"": [""symbol/strong:usdt@28:32"", ""symbol/strong:usdt@28:32"", ""SHORT/strong:шорт@35:39"", ""entry/strong:(вход с текущих)@40:56"", ""MODIFY_ENTRY/weak:вход@41:45"", ""MODIFY_ENTRY/strong:вход с текущих@41:",TONUSDT,SHORT,TWO_STEP,2,1:MARKET:PRIMARY@1.4137|2:LIMIT:AVERAGING@1.4365,1.4755,3,1.3497|1.3017|1.2447,,,,,,,COMPLETE
41,trader_a,SIGNAL,PARSED,746,2544,,"Trader #A
Важно: данная сделка не учитывается в статистике, так как в моём портфеле (превысит допустимое количество открытых сделок) она выходит за риск-параметры

Тем не менее, я оставляю её в работе, буду контролировать исполнение и публиковать апдейты.

Если вы без позиции — действуйте строго по своему риск-менеджменту


#среднесрок
#FARTCOINUSDT 🐻 Шорт (вход с текущих)

Вход (2-фазный):
— Вход с текущих: 0,1867
— Усреднение: 0,1927

Стоп:
— SL: 0,2092 🛡(от A: -12,1%, от B: -8,6%)

Тейки (среднесрок, 3 цели):
— TP1: 0,1673 🎯 (от A: +10,4%, от B: +13,2%)
— TP2: 0,1518 🎯 (от A: +18,7%, от B: +21,2%)
— TP3: 0,1217 🎯 (от A: +34,8%, от B: +36,8%)",1.0,non_signal_intents_dropped_in_signal_message,"{""suppressed_intents"": [""MODIFY_ENTRY:вход с текущих"", ""MODIFY_ENTRY:вход с текущих""], ""matched_markers"": [""risk/weak:риск@148:152"", ""EXIT_BE/weak:бу@201:203"", ""ENTRY_FILLED/weak:исполнен@221:229"", ""SL_HIT/weak:сл@256:258"", ""stop_loss/strong:сл@256:258"", ""risk/weak:риск@305:309"", ""symbol/strong:usdt",FARTCOINUSDT,SHORT,TWO_STEP,2,1:MARKET:PRIMARY@0.1867|2:LIMIT:AVERAGING@0.1927,0.2092,3,0.1673|0.1518|0.1217,,,,,,,COMPLETE
41,trader_a,SIGNAL,PARSED,739,2556,,"[trader #A]

#среднесрок
#1000PEPEUSDT 🐻 Шорт (вход с текущих)

Вход (2-фазный):
— Вход с текущих: 0,004172
— Усреднение: 0,004273

Стоп:
— SL: 0,004542 🛡(от A: -8,9%, от B: -6,3%)

Тейки (среднесрок, 3 цели):
— TP1: 0,003852 🎯 (от A: +7,7%, от B: +9,9%)
— TP2: 0,003463 🎯 (от A: +17,0%, от B: +19,0%)
— TP3: 0,003312 🎯 (от A: +20,6%, от B: +22,5%)",1.0,non_signal_intents_dropped_in_signal_message,"{""suppressed_intents"": [""MODIFY_ENTRY:вход с текущих"", ""MODIFY_ENTRY:вход с текущих""], ""matched_markers"": [""symbol/strong:usdt@33:37"", ""symbol/strong:usdt@33:37"", ""SHORT/strong:шорт@40:44"", ""entry/strong:(вход с текущих)@45:61"", ""MODIFY_ENTRY/weak:вход@46:50"", ""MODIFY_ENTRY/strong:вход с текущих@46:",1000PEPEUSDT,SHORT,TWO_STEP,2,1:MARKET:PRIMARY@0.004172|2:LIMIT:AVERAGING@0.004273,0.004542,3,0.003852|0.003463|0.003312,,,,,,,COMPLETE
41,trader_a,SIGNAL,PARSED,735,2560,,"[trader #A]

#среднесрок
#ASTERUSDT 🐻 Шорт (вход с текущих)

Вход (2-фазный):
— Вход с текущих: 0,6940
— Усреднение: —

Стоп:
— SL: 0,7442 🛡(от A: -7,2%, от B: —)

Тейки (среднесрок, 3 цели):
— TP1: 0,6468 🎯 (от A: +6,8%, от B: —)
— TP2: 0,6092 🎯 (от A: +12,2%, от B: —)
— TP3: 0,5226 🎯 (от A: +24,7%, от B: —)",1.0,non_signal_intents_dropped_in_signal_message,"{""suppressed_intents"": [""MODIFY_ENTRY:вход с текущих"", ""MODIFY_ENTRY:вход с текущих""], ""matched_markers"": [""symbol/strong:usdt@30:34"", ""symbol/strong:usdt@30:34"", ""SHORT/strong:шорт@37:41"", ""entry/strong:(вход с текущих)@42:58"", ""MODIFY_ENTRY/weak:вход@43:47"", ""MODIFY_ENTRY/strong:вход с текущих@43:",ASTERUSDT,SHORT,ONE_SHOT,1,1:MARKET:PRIMARY@0.694,0.7442,3,0.6468|0.6092|0.5226,,,,,,,COMPLETE
41,trader_a,SIGNAL,PARSED,727,2571,,"[trader #A]

#интрадей
#APEUSDT 🐻 Шорт (вход лимиткой)

Вход (2-фазный):
— Вход лимиткой: 0,10990
— Усреднение: нет
Отмена входа: если 15m закрепится выше 0,11015

Стоп:
— SL: 0,11202 🛡(от A: -1,9%, от B: —)

Тейки (интрадей, 3 цели):
— TP1: 0,10870 🎯 (от A: +1,1%, от B: —)
— TP2: 0,10693 🎯 (от A: +2,7%, от B: —)
— TP3: 0,10565 🎯 (от A: +3,9%, от B: —)

Вход не более 0.5% от депозита",1.0,non_signal_intents_dropped_in_signal_message,"{""suppressed_intents"": [], ""matched_markers"": [""symbol/strong:usdt@26:30"", ""symbol/strong:usdt@26:30"", ""SHORT/strong:шорт@33:37"", ""MODIFY_ENTRY/weak:вход@39:43"", ""entry/strong:вход лимиткой@39:52"", ""LIMIT/strong:вход лимиткой@39:52"", ""LIMIT/weak:лимиткой@44:52"", ""MODIFY_ENTRY/weak:вход@54:58"", ""entr",APEUSDT,SHORT,ONE_SHOT,1,1:LIMIT:PRIMARY@0.1099,0.11202,3,0.1087|0.10693|0.10565,Вход не более 0.5%,0.5,,,,,COMPLETE
41,trader_a,SIGNAL,PARSED,726,2572,,"[trader #A]

#интрадей
#AVAXUSDT 🐂 Лонг (вход лимиткой)

Вход (2-фазный):
— Вход лимиткой: 8,95
— Усреднение: нет
Отмена входа: если 15m закреп ниже 8,92 (PDL) до исполнения

Стоп:
— SL: 8,89 🛡(от A: -0,7%, от B: —)

Тейки (интрадей, 3 цели):
— TP1: 9,00 🎯 (от A: +0,6%, от B: —)
— TP2: 9,05 🎯 (от A: +1,1%, от B: —)
— TP3: 9,09 🎯 (от A: +1,6%, от B: —)

Вход не более 0.5% от депозита",1.0,non_signal_intents_dropped_in_signal_message,"{""suppressed_intents"": [], ""matched_markers"": [""leverage/weak:x@26:27"", ""symbol/strong:usdt@27:31"", ""symbol/strong:usdt@27:31"", ""LONG/strong:лонг@34:38"", ""MODIFY_ENTRY/weak:вход@40:44"", ""entry/strong:вход лимиткой@40:53"", ""LIMIT/strong:вход лимиткой@40:53"", ""LIMIT/weak:лимиткой@45:53"", ""MODIFY_ENTRY",AVAXUSDT,LONG,ONE_SHOT,1,1:LIMIT:PRIMARY@8.95,8.89,3,9.0|9.05|9.09,Вход не более 0.5%,0.5,,,,,COMPLETE
41,trader_a,SIGNAL,PARSED,725,2573,,"trader #A]

#интрадей
#ICPUSDT 🐻 Шорт (вход лимиткой)

Вход (2-фазный):
— Вход лимиткой: 2,27
— Усреднение: нет
Отмена входа: если 1H закрепится выше 2,35

Стоп:
— SL: 2,35 🛡(от A: -3,5%, от B: —)

Тейки (интрадей, 3 цели):
— TP1: 2,16 🎯 (от A: +4,8%, от B: —)
— TP2: 2,14 🎯 (от A: +5,7%, от B: —)
— TP3: 2,02 🎯 (от A: +11,0%, от B: —)

Вход не более 0.5% от депозита",1.0,non_signal_intents_dropped_in_signal_message,"{""suppressed_intents"": [], ""matched_markers"": [""symbol/strong:usdt@25:29"", ""symbol/strong:usdt@25:29"", ""SHORT/strong:шорт@32:36"", ""MODIFY_ENTRY/weak:вход@38:42"", ""entry/strong:вход лимиткой@38:51"", ""LIMIT/strong:вход лимиткой@38:51"", ""LIMIT/weak:лимиткой@43:51"", ""MODIFY_ENTRY/weak:вход@53:57"", ""entr",ICPUSDT,SHORT,ONE_SHOT,1,1:LIMIT:PRIMARY@2.27,2.35,3,2.16|2.14|2.02,Вход не более 0.5%,0.5,,,,,COMPLETE
41,trader_a,SIGNAL,PARSED,724,2575,,"[trader #A]

#интрадей
#HYPEUSDT 🐂 Лонг (вход с текущих)

Вход (2-фазный):
— A (с текущих): 29,45
— B (лимит/усреднение): 29,10

Стоп:
— SL: 28,85 🛡 (от A: −2,04%, от B: −0,86%)

Тейк (1 цель):
— TP1: 30,25 🎯 (от A: +2,72%, от B: +3,95%)

Вход 1%",1.0,non_signal_intents_dropped_in_signal_message,"{""suppressed_intents"": [""MODIFY_ENTRY:вход с текущих""], ""matched_markers"": [""symbol/strong:usdt@27:31"", ""symbol/strong:usdt@27:31"", ""LONG/strong:лонг@34:38"", ""entry/strong:(вход с текущих)@39:55"", ""MODIFY_ENTRY/weak:вход@40:44"", ""MODIFY_ENTRY/strong:вход с текущих@40:54"", ""MARKET/strong:вход с текущ",HYPEUSDT,LONG,TWO_STEP,2,1:MARKET:PRIMARY@29.45|2:LIMIT:AVERAGING@29.1,28.85,1,30.25,Вход 1%,1.0,,,,,COMPLETE
41,trader_a,SIGNAL,PARSED,722,2577,,"Trader #A 

#интрадей
#CYBERUSDT 🐂 Лонг (вход с текущих)

Вход (2-фазный):
— A (с текущих): 0,5633
— B (лимит/усреднение): -

Стоп:
— SL: 0,5450 🛡 (от A: −3,25%, от B: −)

Тейк (1 цель):
— TP1: 0,6000 🎯 (от A: +6,52%, от B: -)


Риск 1% на сделку",1.0,non_signal_intents_dropped_in_signal_message,"{""suppressed_intents"": [""MODIFY_ENTRY:вход с текущих""], ""matched_markers"": [""symbol/strong:usdt@26:30"", ""symbol/strong:usdt@26:30"", ""LONG/strong:лонг@33:37"", ""entry/strong:(вход с текущих)@38:54"", ""MODIFY_ENTRY/weak:вход@39:43"", ""MODIFY_ENTRY/strong:вход с текущих@39:53"", ""MARKET/strong:вход с текущ",CYBERUSDT,LONG,ONE_SHOT,1,1:MARKET:PRIMARY@0.5633,0.545,1,0.6,Риск 1%,1.0,,,,,COMPLETE
41,trader_a,SIGNAL,PARSED,711,2589,,"Trader #A 

#интрадей
#ENAUSDT 🐂 Лонг (вход с текущих)

Вход (2-фазный):
— A (с текущих): 0.11044
— B (лимит): -

Стоп:
— SL: 0.10720 🛡 (от A: -2.93%, от B: -)

Тейк (1 цель):
— TP1: 0.11500 🎯 (от A: +4.13%, от B:-)

вход 1%",1.0,non_signal_intents_dropped_in_signal_message,"{""suppressed_intents"": [""MODIFY_ENTRY:вход с текущих""], ""matched_markers"": [""symbol/strong:usdt@24:28"", ""symbol/strong:usdt@24:28"", ""LONG/strong:лонг@31:35"", ""entry/strong:(вход с текущих)@36:52"", ""MODIFY_ENTRY/weak:вход@37:41"", ""MODIFY_ENTRY/strong:вход с текущих@37:51"", ""MARKET/strong:вход с текущ",ENAUSDT,LONG,ONE_SHOT,1,1:MARKET:PRIMARY@0.11044,0.1072,1,0.115,вход 1%,1.0,,,,,COMPLETE
41,trader_a,SIGNAL,PARSED,704,2598,,"[trader #A]

#среднесрок
#ETHUSDT 🐻 Шорт (вход с текущих)

Вход (2-фазный):
— Вход с текущих: 1 924.95
— Усреднение: 1 962.23

Стоп:
— SL: 2 066.70 🛡(от A: -7.4%, от B: -5.3%)

Тейки (3 цели):
— TP1: 1 742.60 🎯 (от A: +9.5%, от B: +11.2%)
— TP2: 1 548.70 🎯 (от A: +19.5%, от B: +21.1%)
— TP3: 1 364.80 🎯 (от A: +29.1%, от B: +30.4%)",1.0,non_signal_intents_dropped_in_signal_message,"{""suppressed_intents"": [""MODIFY_ENTRY:вход с текущих"", ""MODIFY_ENTRY:вход с текущих""], ""matched_markers"": [""symbol/strong:usdt@28:32"", ""symbol/strong:usdt@28:32"", ""SHORT/strong:шорт@35:39"", ""entry/strong:(вход с текущих)@40:56"", ""MODIFY_ENTRY/weak:вход@41:45"", ""MODIFY_ENTRY/strong:вход с текущих@41:",ETHUSDT,SHORT,TWO_STEP,2,1:MARKET:PRIMARY@1924.95|2:LIMIT:AVERAGING@1962.23,2066.7,3,1742.6|1548.7|1364.8,,,,,,,COMPLETE
41,trader_a,SIGNAL,PARSED,701,2601,,"Trader #A

#среднесрок
#BTCUSDT 🐻 Шорт (вход с текущих)

Вход (2-фазный):
— Вход с текущих: 66 851.30
— Усреднение: -

Стоп:
— SL: 70 429.70 🛡(от A: -5.4%, от B: -)

Тейки (среднесрок, 3 цели):
— TP1: 53 701.80 🎯 (от A: +19.7%)",1.0,non_signal_intents_dropped_in_signal_message,"{""suppressed_intents"": [""MODIFY_ENTRY:вход с текущих"", ""MODIFY_ENTRY:вход с текущих""], ""matched_markers"": [""symbol/strong:usdt@26:30"", ""symbol/strong:usdt@26:30"", ""SHORT/strong:шорт@33:37"", ""entry/strong:(вход с текущих)@38:54"", ""MODIFY_ENTRY/weak:вход@39:43"", ""MODIFY_ENTRY/strong:вход с текущих@39:",BTCUSDT,SHORT,ONE_SHOT,1,1:MARKET:PRIMARY@66851.3,70429.7,1,53701.8,,,,,,,COMPLETE
41,trader_a,SIGNAL,PARSED,699,2603,,"[trader #A]

#среднесрок
#ASTERUSDT 🐻 Шорт (вход с текущих)

Вход (2-фазный):
— Вход с текущих: 0,6940
— Усреднение: —

Стоп:
— SL: 0,7442 🛡(от A: -7,2%, от B: —)

Тейки (среднесрок, 3 цели):
— TP1: 0,6468 🎯 (от A: +6,8%, от B: —)
— TP2: 0,6092 🎯 (от A: +12,2%, от B: —)
— TP3: 0,5226 🎯 (от A: +24,7%, от B: —)

Снова берём",1.0,non_signal_intents_dropped_in_signal_message,"{""suppressed_intents"": [""MODIFY_ENTRY:вход с текущих"", ""MODIFY_ENTRY:вход с текущих""], ""matched_markers"": [""symbol/strong:usdt@30:34"", ""symbol/strong:usdt@30:34"", ""SHORT/strong:шорт@37:41"", ""entry/strong:(вход с текущих)@42:58"", ""MODIFY_ENTRY/weak:вход@43:47"", ""MODIFY_ENTRY/strong:вход с текущих@43:",ASTERUSDT,SHORT,ONE_SHOT,1,1:MARKET:PRIMARY@0.694,0.7442,3,0.6468|0.6092|0.5226,,,,,,,COMPLETE
41,trader_a,SIGNAL,PARSED,693,2610,,"[trader #A]

#среднесрок
#PAXGUSDT 🐂 Лонг (вход с текущих)

Вход (2-фазный):
— Вход с текущих: 5 053.10
— Усреднение: 5 012.90

Стоп:
— SL: 4 912.40 🛡 (от A: -2.8%, от B: -2.0%)

Тейки (среднесрок, 3 цели):
— TP1: 5 291.70 🎯 (от A: +4.7%, от B: +5.6%)
— TP2: 5 591.70 🎯 (от A: +10.7%, от B: +11.5%)
— TP3: 5 841.70 🎯 (от A: +15.6%, от B: +16.5%)",1.0,non_signal_intents_dropped_in_signal_message,"{""suppressed_intents"": [""MODIFY_ENTRY:вход с текущих"", ""MODIFY_ENTRY:вход с текущих""], ""matched_markers"": [""leverage/weak:x@27:28"", ""symbol/strong:usdt@29:33"", ""symbol/strong:usdt@29:33"", ""LONG/strong:лонг@36:40"", ""entry/strong:(вход с текущих)@41:57"", ""MODIFY_ENTRY/weak:вход@42:46"", ""MODIFY_ENTRY/s",PAXGUSDT,LONG,TWO_STEP,2,1:MARKET:PRIMARY@5053.1|2:LIMIT:AVERAGING@5012.9,4912.4,3,5291.7|5591.7|5841.7,,,,,,,COMPLETE
41,trader_a,SIGNAL,PARSED,691,2612,,"[trader #A]

#среднесрок
#JSTUSDT 🐂 Лонг (вход с текущих)

Вход (2-фазный):
— Вход с текущих: 0.0434
— Усреднение: 0.0428

Стоп:
— SL: 0.0413 🛡(от A: -4.8%, от B: -3.5%)

Тейки (среднесрок, 3 цели):
— TP1: 0.0452 🎯 (от A: +4.1%, от B: +5.6%)
— TP2: 0.0469 🎯 (от A: +8.1%, от B: +9.6%)
— TP3: 0.0479 🎯 (от A: +10.4%, от B: +11.9%)",1.0,non_signal_intents_dropped_in_signal_message,"{""suppressed_intents"": [""MODIFY_ENTRY:вход с текущих"", ""MODIFY_ENTRY:вход с текущих""], ""matched_markers"": [""symbol/strong:usdt@28:32"", ""symbol/strong:usdt@28:32"", ""LONG/strong:лонг@35:39"", ""entry/strong:(вход с текущих)@40:56"", ""MODIFY_ENTRY/weak:вход@41:45"", ""MODIFY_ENTRY/strong:вход с текущих@41:5",JSTUSDT,LONG,TWO_STEP,2,1:MARKET:PRIMARY@0.0434|2:LIMIT:AVERAGING@0.0428,0.0413,3,0.0452|0.0469|0.0479,,,,,,,COMPLETE
41,trader_a,SIGNAL,PARSED,680,2634,,"[trader #A]

#среднесрок
#ADAUSDT 🐻 Шорт (вход лимиткой)

Вход (2-фазный):
— A (лимит): 0.2980 
— B (лимит): -

Стоп:
— SL: 0.3043 🛡 (от A: -2.10%, от B: -)


Тейк (1 цель):
— TP1: 0.2680 🎯 (от A: +10.09%, от B: -)


Риск 1% на сделку",1.0,non_signal_intents_dropped_in_signal_message,"{""suppressed_intents"": [], ""matched_markers"": [""symbol/strong:usdt@28:32"", ""symbol/strong:usdt@28:32"", ""SHORT/strong:шорт@35:39"", ""MODIFY_ENTRY/weak:вход@41:45"", ""entry/strong:вход лимиткой@41:54"", ""LIMIT/strong:вход лимиткой@41:54"", ""LIMIT/weak:лимиткой@46:54"", ""MODIFY_ENTRY/weak:вход@56:60"", ""entr",ADAUSDT,SHORT,ONE_SHOT,1,1:LIMIT:PRIMARY@0.298,0.3043,1,0.268,Риск 1%,1.0,,,,,COMPLETE
41,trader_a,SIGNAL,PARSED,679,2635,,"[trader #A]

#среднесрок
#SXPUSDT 🐻 Шорт (лимит)

Вход (2-фазный):
— A (лимит): 0.02755 
— B (лимит): -

Стоп:
— SL: 0.02889 🛡 (от A: -4.85%, от B: -)

Тейк (1 цель):
— TP1: 0.02150 🎯 (от A: +21.96%, от B: -)


Риск 1% от депозита",1.0,non_signal_intents_dropped_in_signal_message,"{""suppressed_intents"": [], ""matched_markers"": [""leverage/weak:x@26:27"", ""symbol/strong:usdt@28:32"", ""symbol/strong:usdt@28:32"", ""SHORT/strong:шорт@35:39"", ""MODIFY_ENTRY/weak:вход@48:52"", ""entry/strong:вход (2-фазный)@48:63"", ""entry/strong:a (лимит)@67:76"", ""LIMIT/strong:a (лимит)@67:76"", ""entry/stro",SXPUSDT,SHORT,ONE_SHOT,1,1:LIMIT:PRIMARY@0.02755,0.02889,1,0.0215,Риск 1%,1.0,,,,,COMPLETE
41,trader_a,SIGNAL,PARSED,675,2643,,"[trader #A]

#среднесрок
#1000BONKUSDT 🐻 Шорт (вход с текущих)

2-фазный вход:
— A (с текущих): 0.006156
— B (усреднение): 0.006256

Стоп:
— SL: 0.006598 🛡(от A: -7.2%, от B: -5.5%)

Тейки (3 цели):
— TP1: 0.005721 🎯 (от A: +7.1%, от B: +8.6%)
— TP2: 0.005269 🎯 (от A: +14.4%, от B: +15.8%)
— TP3: 0.004709 🎯 (от A: +23.5%, от B: +24.7%)

Вход не более 1–2%",1.0,non_signal_intents_dropped_in_signal_message,"{""suppressed_intents"": [""MODIFY_ENTRY:вход с текущих""], ""matched_markers"": [""symbol/strong:usdt@33:37"", ""symbol/strong:usdt@33:37"", ""SHORT/strong:шорт@40:44"", ""entry/strong:(вход с текущих)@45:61"", ""MODIFY_ENTRY/weak:вход@46:50"", ""MODIFY_ENTRY/strong:вход с текущих@46:60"", ""MARKET/strong:вход с теку",1000BONKUSDT,SHORT,TWO_STEP,2,1:MARKET:PRIMARY@0.006156|2:LIMIT:AVERAGING@0.006256,0.006598,3,0.005721|0.005269|0.004709,Вход не более 1–2%,,1.0,2.0,,,COMPLETE
41,trader_a,SIGNAL,PARSED,671,2649,,"[trader #A]

#среднесрок
#AGLDUSDT 🐻 Шорт (вход с текущих)

2-фазный вход:
— Вход с текущих: 0.36942
— Усреднение: -

Стоп:
— SL: 0.4211 🛡(от A: -12.44%, от B: -)

Тейки (3 цели):
— TP1: 0.28490 🎯 (от A: +23.93%, от B: )
— TP2: 0.26780 🎯 (от A: +28.50%, от B: )
— TP3: 0.23470 🎯 (от A: +37.33%, от B: )

Вход не более 0.5% от депозита",1.0,non_signal_intents_dropped_in_signal_message,"{""suppressed_intents"": [""MODIFY_ENTRY:вход с текущих"", ""MODIFY_ENTRY:вход с текущих""], ""matched_markers"": [""symbol/strong:usdt@29:33"", ""symbol/strong:usdt@29:33"", ""SHORT/strong:шорт@36:40"", ""entry/strong:(вход с текущих)@41:57"", ""MODIFY_ENTRY/weak:вход@42:46"", ""MODIFY_ENTRY/strong:вход с текущих@42:",AGLDUSDT,SHORT,ONE_SHOT,1,1:MARKET:PRIMARY@0.36942,0.4211,3,0.2849|0.2678|0.2347,Вход не более 0.5%,0.5,,,,,COMPLETE
41,trader_a,SIGNAL,PARSED,664,2663,,"[trader #A]

#среднесрок
#BCHUSDT 🐻 Шорт (вход с текущих)

Вход (2-фазный):
— Вход с текущих: 533.20
— Усреднение: 544.70

Стоп:
— SL: 567.40 🛡(от A: -6.4%, от B: -4.2%)

Тейки (среднесрок, 3 цели):
— TP1: 501.80 🎯 (от A: +5.9%, от B: +7.9%)
— TP2: 481.80 🎯 (от A: +9.6%, от B: +11.5%)
— TP3: 418.60 🎯 (от A: +21.5%, от B: +23.2%)",1.0,non_signal_intents_dropped_in_signal_message,"{""suppressed_intents"": [""MODIFY_ENTRY:вход с текущих"", ""MODIFY_ENTRY:вход с текущих""], ""matched_markers"": [""symbol/strong:usdt@28:32"", ""symbol/strong:usdt@28:32"", ""SHORT/strong:шорт@35:39"", ""entry/strong:(вход с текущих)@40:56"", ""MODIFY_ENTRY/weak:вход@41:45"", ""MODIFY_ENTRY/strong:вход с текущих@41:",BCHUSDT,SHORT,TWO_STEP,2,1:MARKET:PRIMARY@533.2|2:LIMIT:AVERAGING@544.7,567.4,3,501.8|481.8|418.6,,,,,,,COMPLETE
41,trader_a,SIGNAL,PARSED,657,2673,,"[trader #A]

#среднесрок
#BNBUSDT 🐻 Шорт (вход с текущих)

Вход (2-фазный):
— Вход с текущих: 597.20
— Усреднение: 606.60

Стоп:
— SL: 636.20 🛡 (от A: -6.53%, от B: -4.88%)

Тейки (среднесрок, 3 цели):
— TP1: 563.10 🎯 (от A: +5.71%, от B: +7.17%)
— TP2: 516.70 🎯 (от A: +13.48%, от B: +14.82%)
— TP3: 474.80 🎯 (от A: +20.50%, от B: +21.73%)",1.0,non_signal_intents_dropped_in_signal_message,"{""suppressed_intents"": [""MODIFY_ENTRY:вход с текущих"", ""MODIFY_ENTRY:вход с текущих""], ""matched_markers"": [""symbol/strong:usdt@28:32"", ""symbol/strong:usdt@28:32"", ""SHORT/strong:шорт@35:39"", ""entry/strong:(вход с текущих)@40:56"", ""MODIFY_ENTRY/weak:вход@41:45"", ""MODIFY_ENTRY/strong:вход с текущих@41:",BNBUSDT,SHORT,TWO_STEP,2,1:MARKET:PRIMARY@597.2|2:LIMIT:AVERAGING@606.6,636.2,3,563.1|516.7|474.8,,,,,,,COMPLETE
41,trader_a,SIGNAL,PARSED,635,2703,,"[trader #A]

#среднесрок
#FARTCOINUSDT 🐻 Шорт (вход с текущих)

Вход (2-фазный):
— Вход с текущих: 0.1541
— Усреднение: 0.1603

Стоп:
— SL: 0.1731 🛡(от A: -12.3%, от B: -8.0%)

Тейки (3 цели):
— TP1: 0.1379 🎯 (от A: +10.5%, от B: +14.0%)
— TP2: 0.1206 🎯 (от A: +21.7%, от B: +24.8%)
— TP3: 0.0586 🎯 (от A: +62.0%, от B: +63.4%)",1.0,non_signal_intents_dropped_in_signal_message,"{""suppressed_intents"": [""MODIFY_ENTRY:вход с текущих"", ""MODIFY_ENTRY:вход с текущих""], ""matched_markers"": [""symbol/strong:usdt@33:37"", ""symbol/strong:usdt@33:37"", ""SHORT/strong:шорт@40:44"", ""entry/strong:(вход с текущих)@45:61"", ""MODIFY_ENTRY/weak:вход@46:50"", ""MODIFY_ENTRY/strong:вход с текущих@46:",FARTCOINUSDT,SHORT,TWO_STEP,2,1:MARKET:PRIMARY@0.1541|2:LIMIT:AVERAGING@0.1603,0.1731,3,0.1379|0.1206|0.0586,,,,,,,COMPLETE
41,trader_a,SIGNAL,PARSED,633,2706,,"[trader #A]

#среднесрок
#HUSDT 🐂 Лонг (вход с текущих) 

— Вход с текущих: 0.13655
— Усреднение: 0.1293

— SL: 0.1131 🛡 (от A: -16.5%, от B: -12.5%)

— TP1: 0.1553 🎯 (от A: +14.7%, от B: +20.1%)
— TP2: 0.1692 🎯 (от A: +25.0%, от B: +30.9%)
— TP3: 0.1876 🎯 (от A: +38.6%, от B: +45.1%)

тут риск, зайдем на 0.5% от депозита

ТВХ изменил на текущую",1.0,non_signal_intents_dropped_in_signal_message,"{""suppressed_intents"": [""MODIFY_ENTRY:вход с текущих"", ""MODIFY_ENTRY:вход с текущих""], ""matched_markers"": [""symbol/strong:usdt@26:30"", ""symbol/strong:usdt@26:30"", ""LONG/strong:лонг@33:37"", ""entry/strong:(вход с текущих)@38:54"", ""MODIFY_ENTRY/weak:вход@39:43"", ""MODIFY_ENTRY/strong:вход с текущих@39:5",HUSDT,LONG,TWO_STEP,2,1:MARKET:PRIMARY@0.13655|2:LIMIT:AVERAGING@0.1293,0.1131,3,0.1553|0.1692|0.1876,"тут риск, зайдем на 0.5%",0.5,,,,,COMPLETE
41,trader_a,SIGNAL,PARSED,630,2711,,"[trader #A]

#интрадей
#TAOUSDT 🐂 Лонг (вход лимиткой)

Вход (2-фазный):
— Вход лимиткой: 179,00
— Усреднение: 175,58
Отмена входа: если 1H/15m закрепится ниже 173,02 (PDL)

Стоп:
— SL: 171,80 🛡(от A: -4,0%, от B: -2,2%)

Тейки (интрадей, 3 цели):
— TP1: 182,22 🎯 (от A: +1,8%, от B: +3,8%)",1.0,non_signal_intents_dropped_in_signal_message,"{""suppressed_intents"": [], ""matched_markers"": [""symbol/strong:usdt@26:30"", ""symbol/strong:usdt@26:30"", ""LONG/strong:лонг@33:37"", ""MODIFY_ENTRY/weak:вход@39:43"", ""entry/strong:вход лимиткой@39:52"", ""LIMIT/strong:вход лимиткой@39:52"", ""LIMIT/weak:лимиткой@44:52"", ""MODIFY_ENTRY/weak:вход@54:58"", ""entry",TAOUSDT,LONG,TWO_STEP,2,1:LIMIT:PRIMARY@179.0|2:LIMIT:AVERAGING@175.58,171.8,1,182.22,,,,,,,COMPLETE
41,trader_a,SIGNAL,PARSED,629,2712,,"[trader #A]

#интрадей
#TIAUSDT 🐂 Лонг (вход лимиткой; Bybit) 

Интрадей_1.1

Вход (2-фазный):
— Вход лимиткой: 0,3260
— Усреднение: 0,3216
Отмена входа: если 15m закроется выше 0,3393 без ретеста 0,3260 — отмена (не догоняем)

Стоп:
— SL: 0,3094 🛡(от A: -5,1%, от B: -3,8%)

Тейки (интрадей, 3 цели):
— TP1: 0,3393 🎯 (от A: +4,1%, от B: +5,5%)",1.0,non_signal_intents_dropped_in_signal_message,"{""suppressed_intents"": [], ""matched_markers"": [""symbol/strong:usdt@26:30"", ""symbol/strong:usdt@26:30"", ""LONG/strong:лонг@33:37"", ""MODIFY_ENTRY/weak:вход@39:43"", ""entry/strong:вход лимиткой@39:52"", ""LIMIT/strong:вход лимиткой@39:52"", ""LIMIT/weak:лимиткой@44:52"", ""MODIFY_ENTRY/weak:вход@74:78"", ""entry",TIAUSDT,LONG,TWO_STEP,2,1:LIMIT:PRIMARY@0.326|2:LIMIT:AVERAGING@0.3216,0.3094,1,0.3393,,,,,,,COMPLETE
41,trader_a,SIGNAL,PARSED,628,2713,,"[trader #A]

#интрадей
#THETAUSDT 🐂 Лонг (вход лимиткой)

Вход (2-фазный):
— Вход лимиткой: 0,18796
— Усреднение: 0,18546
Отмена входа: если 15m закрепится ниже 0,18593 (PWL)

Стоп:
— SL: 0,18383 🛡(от A: -2,2%, от B: -0,9%)

Тейки (интрадей, 3 цели):
— TP1: 0,18960 🎯 (от A: +0,9%, от B: +2,2%)",1.0,non_signal_intents_dropped_in_signal_message,"{""suppressed_intents"": [], ""matched_markers"": [""symbol/strong:usdt@28:32"", ""symbol/strong:usdt@28:32"", ""LONG/strong:лонг@35:39"", ""MODIFY_ENTRY/weak:вход@41:45"", ""entry/strong:вход лимиткой@41:54"", ""LIMIT/strong:вход лимиткой@41:54"", ""LIMIT/weak:лимиткой@46:54"", ""MODIFY_ENTRY/weak:вход@56:60"", ""entry",THETAUSDT,LONG,TWO_STEP,2,1:LIMIT:PRIMARY@0.18796|2:LIMIT:AVERAGING@0.18546,0.18383,1,0.1896,,,,,,,COMPLETE
41,trader_a,SIGNAL,PARSED,623,2718,,"[trader #A]

#интрадей
#TLMUSDT 🐂 Лонг (вход лимиткой)

Вход (2-фазный):
— Вход лимиткой: 0,0016242
— Усреднение: нет
Отмена входа: если 15m закреп ниже 0,0016147 или цена уйдёт вверх без ретеста 0,0016242

Стоп:
— SL: 0,0016147 🛡(от A: -0,6%, от B: —)

Тейки (интрадей, 3 цели):
— TP1: 0,0016349 🎯 (от A: +0,7%, от B: —)",1.0,non_signal_intents_dropped_in_signal_message,"{""suppressed_intents"": [], ""matched_markers"": [""symbol/strong:usdt@26:30"", ""symbol/strong:usdt@26:30"", ""LONG/strong:лонг@33:37"", ""MODIFY_ENTRY/weak:вход@39:43"", ""entry/strong:вход лимиткой@39:52"", ""LIMIT/strong:вход лимиткой@39:52"", ""LIMIT/weak:лимиткой@44:52"", ""MODIFY_ENTRY/weak:вход@54:58"", ""entry",TLMUSDT,LONG,ONE_SHOT,1,1:LIMIT:PRIMARY@0.0016242,0.0016147,1,0.0016349,,,,,,,COMPLETE
41,trader_a,SIGNAL,PARSED,622,2719,,"[trader #A]

#интрадей
#TNSRUSDT 🐂 Лонг (вход лимиткой)

Вход (2-фазный):
— Вход лимиткой: 0,04867
— Усреднение: нет
Отмена входа: если 15m закрепится ниже 0,04831

Стоп:
— SL: 0,04764 🛡(от A: -2,1%, от B: —)

Тейки (интрадей, 3 цели):
— TP1: 0,05000 🎯 (от A: +2,7%, от B: —)",1.0,non_signal_intents_dropped_in_signal_message,"{""suppressed_intents"": [], ""matched_markers"": [""symbol/strong:usdt@27:31"", ""symbol/strong:usdt@27:31"", ""LONG/strong:лонг@34:38"", ""MODIFY_ENTRY/weak:вход@40:44"", ""entry/strong:вход лимиткой@40:53"", ""LIMIT/strong:вход лимиткой@40:53"", ""LIMIT/weak:лимиткой@45:53"", ""MODIFY_ENTRY/weak:вход@55:59"", ""entry",TNSRUSDT,LONG,ONE_SHOT,1,1:LIMIT:PRIMARY@0.04867,0.04764,1,0.05,,,,,,,COMPLETE
41,trader_a,SIGNAL,PARSED,611,2731,,"[trader #A]

#интрадей
#TRUUSDT 🐂 Лонг (вход лимиткой)

Вход (2-фазный):
— Вход лимиткой: 0,005317
— Усреднение: нет


Стоп:
— SL: 0,005240 🛡(от A: -1,4%, от B: —)

Тейки (интрадей, 3 цели):
— TP1: 0,005402 🎯 (от A: +1,6%, от B: —)",1.0,non_signal_intents_dropped_in_signal_message,"{""suppressed_intents"": [], ""matched_markers"": [""symbol/strong:usdt@26:30"", ""symbol/strong:usdt@26:30"", ""LONG/strong:лонг@33:37"", ""MODIFY_ENTRY/weak:вход@39:43"", ""entry/strong:вход лимиткой@39:52"", ""LIMIT/strong:вход лимиткой@39:52"", ""LIMIT/weak:лимиткой@44:52"", ""MODIFY_ENTRY/weak:вход@54:58"", ""entry",TRUUSDT,LONG,ONE_SHOT,1,1:LIMIT:PRIMARY@0.005317,0.00524,1,0.005402,,,,,,,COMPLETE
41,trader_a,SIGNAL,PARSED,610,2732,,"[trader #A]

#интрадей
#TWTUSDT 🐂 Лонг (вход лимиткой)

Вход (2-фазный):
— Вход лимиткой: 0,5123
— Усреднение: нет


Стоп:
— SL: 0,5044 🛡(от A: -1,5%, от B: —)

Тейки (интрадей, 3 цели):
— TP1: 0,5155 🎯 (от A: +0,6%, от B: —)",1.0,non_signal_intents_dropped_in_signal_message,"{""suppressed_intents"": [], ""matched_markers"": [""symbol/strong:usdt@26:30"", ""symbol/strong:usdt@26:30"", ""LONG/strong:лонг@33:37"", ""MODIFY_ENTRY/weak:вход@39:43"", ""entry/strong:вход лимиткой@39:52"", ""LIMIT/strong:вход лимиткой@39:52"", ""LIMIT/weak:лимиткой@44:52"", ""MODIFY_ENTRY/weak:вход@54:58"", ""entry",TWTUSDT,LONG,ONE_SHOT,1,1:LIMIT:PRIMARY@0.5123,0.5044,1,0.5155,,,,,,,COMPLETE
41,trader_a,SIGNAL,PARSED,609,2733,,"[trader #A]

#интрадей
#TRBUSDT 🐂 Лонг (вход лимиткой)

Вход (2-фазный):
— Вход лимиткой: 15,100
— Усреднение: нет


Стоп:
— SL: 14,703 🛡(от A: -2,6%, от B: —)

Тейки (интрадей, 3 цели):
— TP1: 15,332 🎯 (от A: +1,5%, от B: —)",1.0,non_signal_intents_dropped_in_signal_message,"{""suppressed_intents"": [], ""matched_markers"": [""symbol/strong:usdt@26:30"", ""symbol/strong:usdt@26:30"", ""LONG/strong:лонг@33:37"", ""MODIFY_ENTRY/weak:вход@39:43"", ""entry/strong:вход лимиткой@39:52"", ""LIMIT/strong:вход лимиткой@39:52"", ""LIMIT/weak:лимиткой@44:52"", ""MODIFY_ENTRY/weak:вход@54:58"", ""entry",TRBUSDT,LONG,ONE_SHOT,1,1:LIMIT:PRIMARY@15.1,14.703,1,15.332,,,,,,,COMPLETE
41,trader_a,SIGNAL,PARSED,608,2734,,"[trader #A]

#интрадей
#SXPUSDT 🐂 Лонг (вход лимиткой)

Вход (2-фазный):
— Вход лимиткой: 0,02291
— Усреднение: нет

Стоп:
— SL: 0,02145 🛡(от A: -6,4%, от B: —)

Тейки (интрадей, 3 цели):
— TP1: 0,02400 🎯 (от A: +4,8%, от B: —)",1.0,non_signal_intents_dropped_in_signal_message,"{""suppressed_intents"": [], ""matched_markers"": [""leverage/weak:x@24:25"", ""symbol/strong:usdt@26:30"", ""symbol/strong:usdt@26:30"", ""LONG/strong:лонг@33:37"", ""MODIFY_ENTRY/weak:вход@39:43"", ""entry/strong:вход лимиткой@39:52"", ""LIMIT/strong:вход лимиткой@39:52"", ""LIMIT/weak:лимиткой@44:52"", ""MODIFY_ENTRY",SXPUSDT,LONG,ONE_SHOT,1,1:LIMIT:PRIMARY@0.02291,0.02145,1,0.024,,,,,,,COMPLETE
41,trader_a,SIGNAL,PARSED,606,2736,,"[trader #A]

#интрадей
#WIFUSDT 🐂 Лонг (вход лимиткой)

Вход (2-фазный):
— Вход лимиткой: 0,21268
— Усреднение: нет


Стоп:
— SL: 0,20863 🛡(от A: -1,9%, от B: —)

Тейки (интрадей, 3 цели):
— TP1: 0,21515 🎯 (от A: +1,2%, от B: —)",1.0,non_signal_intents_dropped_in_signal_message,"{""suppressed_intents"": [], ""matched_markers"": [""symbol/strong:usdt@26:30"", ""symbol/strong:usdt@26:30"", ""LONG/strong:лонг@33:37"", ""MODIFY_ENTRY/weak:вход@39:43"", ""entry/strong:вход лимиткой@39:52"", ""LIMIT/strong:вход лимиткой@39:52"", ""LIMIT/weak:лимиткой@44:52"", ""MODIFY_ENTRY/weak:вход@54:58"", ""entry",WIFUSDT,LONG,ONE_SHOT,1,1:LIMIT:PRIMARY@0.21268,0.20863,1,0.21515,,,,,,,COMPLETE
41,trader_a,SIGNAL,PARSED,603,2739,,"[trader #A]

#интрадей
#ETHFIUSDT 🐂 Лонг (вход лимиткой)

Вход (2-фазный):
— Вход лимиткой: 0,5288
— Усреднение: нет

Стоп:
— SL: 0,5239 🛡(от A: -0,9%, от B: —)

Тейки (интрадей, 3 цели):
— TP1: 0,5331 🎯 (от A: +0,8%, от B: —)",1.0,non_signal_intents_dropped_in_signal_message,"{""suppressed_intents"": [], ""matched_markers"": [""symbol/strong:usdt@28:32"", ""symbol/strong:usdt@28:32"", ""LONG/strong:лонг@35:39"", ""MODIFY_ENTRY/weak:вход@41:45"", ""entry/strong:вход лимиткой@41:54"", ""LIMIT/strong:вход лимиткой@41:54"", ""LIMIT/weak:лимиткой@46:54"", ""MODIFY_ENTRY/weak:вход@56:60"", ""entry",ETHFIUSDT,LONG,ONE_SHOT,1,1:LIMIT:PRIMARY@0.5288,0.5239,1,0.5331,,,,,,,COMPLETE
41,trader_a,SIGNAL,PARSED,601,2741,,"[trader #A]

#интрадей
#AGLDUSDT 🐂 Лонг (вход лимиткой)

Вход (2-фазный):
— Вход лимиткой: 0,28978
— Усреднение: нет

Стоп:
— SL: 0,28079 🛡(от A: -3,1%, от B: —)

Тейки (интрадей, 3 цели):
— TP1: 0,29435 🎯 (от A: +1,6%, от B: —)",1.0,non_signal_intents_dropped_in_signal_message,"{""suppressed_intents"": [], ""matched_markers"": [""symbol/strong:usdt@27:31"", ""symbol/strong:usdt@27:31"", ""LONG/strong:лонг@34:38"", ""MODIFY_ENTRY/weak:вход@40:44"", ""entry/strong:вход лимиткой@40:53"", ""LIMIT/strong:вход лимиткой@40:53"", ""LIMIT/weak:лимиткой@45:53"", ""MODIFY_ENTRY/weak:вход@55:59"", ""entry",AGLDUSDT,LONG,ONE_SHOT,1,1:LIMIT:PRIMARY@0.28978,0.28079,1,0.29435,,,,,,,COMPLETE
41,trader_a,SIGNAL,PARSED,587,2761,,"[trader #A]

#среднесрок
#SUIUSDT 🐻 Шорт (вход с текущих)

Вход (2-фазный):
— Вход с текущих: 0.9483
— Усреднение: 0.9791

Стоп:
— SL: 1.0389 🛡(от A: -9.6%, от B: -6.1%)

Тейки (среднесрок, 3 цели):
— TP1: 0.8859 🎯 (от A: +6.6%, от B: +9.5%)
— TP2: 0.8169 🎯 (от A: +13.9%, от B: +16.6%)
— TP3: 0.7429 🎯 (от A: +21.7%, от B: +24.1%)",1.0,non_signal_intents_dropped_in_signal_message,"{""suppressed_intents"": [""MODIFY_ENTRY:вход с текущих"", ""MODIFY_ENTRY:вход с текущих""], ""matched_markers"": [""symbol/strong:usdt@28:32"", ""symbol/strong:usdt@28:32"", ""SHORT/strong:шорт@35:39"", ""entry/strong:(вход с текущих)@40:56"", ""MODIFY_ENTRY/weak:вход@41:45"", ""MODIFY_ENTRY/strong:вход с текущих@41:",SUIUSDT,SHORT,TWO_STEP,2,1:MARKET:PRIMARY@0.9483|2:LIMIT:AVERAGING@0.9791,1.0389,3,0.8859|0.8169|0.7429,,,,,,,COMPLETE
41,trader_a,SIGNAL,PARSED,586,2762,,"[trader #A]

#среднесрок
#AVAXUSDT 🐂 Лонг (вход с текущих)

Вход (2-фазный):
— Вход с текущих: 9.332
— Усреднение: — (пропуск)

Стоп:
— SL: 8.465 🛡(от A: -9.3%, от B: —)

Тейки (среднесрок, 3 цели):
— TP1: 10.493 🎯 (от A: +12.4%, от B: —)
— TP2: 13.886 🎯 (от A: +48.8%, от B: —)
— TP3: 14.863 🎯 (от A: +59.3%, от B: —)",1.0,non_signal_intents_dropped_in_signal_message,"{""suppressed_intents"": [""MODIFY_ENTRY:вход с текущих"", ""MODIFY_ENTRY:вход с текущих""], ""matched_markers"": [""leverage/weak:x@28:29"", ""symbol/strong:usdt@29:33"", ""symbol/strong:usdt@29:33"", ""LONG/strong:лонг@36:40"", ""entry/strong:(вход с текущих)@41:57"", ""MODIFY_ENTRY/weak:вход@42:46"", ""MODIFY_ENTRY/s",AVAXUSDT,LONG,ONE_SHOT,1,1:MARKET:PRIMARY@9.332,8.465,3,10.493|13.886|14.863,,,,,,,COMPLETE
41,trader_a,SIGNAL,PARSED,585,2763,,"[trader #A]

#среднесрок
#PEOPLEUSDT 🐂 Лонг (вход с текущих)

Вход (2-фазный):
— Вход с текущих: 0.006709
— Усреднение: —

Стоп:
— SL: 0.006198 🛡 (от A: -7.6%, от B: —)

Тейки (среднесрок, 3 цели):
— TP1: 0.007330 🎯 (от A: +9.3%, от B: —)
— TP2: 0.007820 🎯 (от A: +16.6%, от B: —)
— TP3: 0.008960 🎯 (от A: +33.6%, от B: —)",1.0,non_signal_intents_dropped_in_signal_message,"{""suppressed_intents"": [""MODIFY_ENTRY:вход с текущих"", ""MODIFY_ENTRY:вход с текущих""], ""matched_markers"": [""symbol/strong:usdt@31:35"", ""symbol/strong:usdt@31:35"", ""LONG/strong:лонг@38:42"", ""entry/strong:(вход с текущих)@43:59"", ""MODIFY_ENTRY/weak:вход@44:48"", ""MODIFY_ENTRY/strong:вход с текущих@44:5",PEOPLEUSDT,LONG,ONE_SHOT,1,1:MARKET:PRIMARY@0.006709,0.006198,3,0.00733|0.00782|0.00896,,,,,,,COMPLETE
41,trader_a,SIGNAL,PARSED,577,2772,,"[trader #A]

#среднесрок
#SOLUSDT 🐻 Шорт (вход с текущих)

— Вход с текущих: 85.63
— Усреднение: 87.45

— SL: 91.70 🛡(от A: -7.09%, от B: -4.86%)

— TP1: 79.85 🎯 (от A: +6.75%, от B: +8.69%)
— TP2: 75.73 🎯 (от A: +11.56%, от B: +13.40%)
— TP3: 66.83 🎯 (от A: +21.95%, от B: +23.58%)

Вход не более 1-2% от депозита",1.0,non_signal_intents_dropped_in_signal_message,"{""suppressed_intents"": [""MODIFY_ENTRY:вход с текущих"", ""MODIFY_ENTRY:вход с текущих""], ""matched_markers"": [""symbol/strong:usdt@28:32"", ""symbol/strong:usdt@28:32"", ""SHORT/strong:шорт@35:39"", ""entry/strong:(вход с текущих)@40:56"", ""MODIFY_ENTRY/weak:вход@41:45"", ""MODIFY_ENTRY/strong:вход с текущих@41:",SOLUSDT,SHORT,TWO_STEP,2,1:MARKET:PRIMARY@85.63|2:LIMIT:AVERAGING@87.45,91.7,3,79.85|75.73|66.83,Вход не более 1-2%,,1.0,2.0,,,COMPLETE
41,trader_a,SIGNAL,PARSED,560,2800,,"[trader #A]

#среднесрок
#HYPEUSDT 🐻 Шорт (вход с текущих)

— Вход с текущих: 27.417
— Усреднение: 28.267

— SL: 30.276 🛡(от A: -10.4%, от B: -7.1%)

— TP1: 25.472 🎯 (от A: +7.1%, от B: +9.9%)
— TP2: 23.412 🎯 (от A: +14.6%, от B: +17.2%)
— TP3: 21.574 🎯 (от A: +21.3%, от B: +23.7%)

у нас особенные отношения с этой монетой. Торговали ее 4 раза с января. 3 раза был стоп, один раз заработали 1.5R, посмотрим, что на этот раз будет",1.0,non_signal_intents_dropped_in_signal_message,"{""suppressed_intents"": [""TP_HIT:tp1"", ""TP_HIT:tp2"", ""TP_HIT:tp3"", ""MODIFY_ENTRY:вход с текущих"", ""MODIFY_ENTRY:вход с текущих""], ""matched_markers"": [""symbol/strong:usdt@29:33"", ""symbol/strong:usdt@29:33"", ""SHORT/strong:шорт@36:40"", ""entry/strong:(вход с текущих)@41:57"", ""MODIFY_ENTRY/weak:вход@42:46",HYPEUSDT,SHORT,TWO_STEP,2,1:MARKET:PRIMARY@27.417|2:LIMIT:AVERAGING@28.267,30.276,3,25.472|23.412|21.574,,,,,,,COMPLETE
41,trader_a,SIGNAL,PARSED,554,2809,,"[trader #A]

#среднесрок
#1000PEPEUSDT 🐻 Шорт (вход с текущих)

— Вход с текущих: 0.003484
— Усреднение: 0.003631

— SL: 0.003909 🛡(от A: -11.1%, от B: -7.7%)

— TP1: 0.003229 🎯 (от A: +8.2%, от B: +11.1%)
— TP2: 0.002969 🎯 (от A: +15.6%, от B: +18.2%)
— TP3: 0.002639 🎯 (от A: +25.0%, от B: +27.3%)

Вход не более 0.5% от депозита",1.0,non_signal_intents_dropped_in_signal_message,"{""suppressed_intents"": [""MODIFY_ENTRY:вход с текущих"", ""MODIFY_ENTRY:вход с текущих""], ""matched_markers"": [""symbol/strong:usdt@33:37"", ""symbol/strong:usdt@33:37"", ""SHORT/strong:шорт@40:44"", ""entry/strong:(вход с текущих)@45:61"", ""MODIFY_ENTRY/weak:вход@46:50"", ""MODIFY_ENTRY/strong:вход с текущих@46:",1000PEPEUSDT,SHORT,TWO_STEP,2,1:MARKET:PRIMARY@0.003484|2:LIMIT:AVERAGING@0.003631,0.003909,3,0.003229|0.002969|0.002639,Вход не более 0.5%,0.5,,,,,COMPLETE
41,trader_a,SIGNAL,PARSED,552,2811,,"[trader #A]

#среднесрок
#BNBUSDT 🐻 Шорт (вход с текущих)

— Вход с текущих: 591.59
— Усреднение: 602.25

— SL: 634.61 🛡(от A: -7.3%, от B: -5.4%)

— TP1: 540.84 🎯 (от A: +8.6%, от B: +10.2%)
— TP2: 520.63 🎯 (от A: +12.0%, от B: +13.6%)
— TP3: 503.11 🎯 (от A: +15.0%, от B: +16.5%)

вход 1%",1.0,non_signal_intents_dropped_in_signal_message,"{""suppressed_intents"": [""MODIFY_ENTRY:вход с текущих"", ""MODIFY_ENTRY:вход с текущих""], ""matched_markers"": [""symbol/strong:usdt@28:32"", ""symbol/strong:usdt@28:32"", ""SHORT/strong:шорт@35:39"", ""entry/strong:(вход с текущих)@40:56"", ""MODIFY_ENTRY/weak:вход@41:45"", ""MODIFY_ENTRY/strong:вход с текущих@41:",BNBUSDT,SHORT,TWO_STEP,2,1:MARKET:PRIMARY@591.59|2:LIMIT:AVERAGING@602.25,634.61,3,540.84|520.63|503.11,вход 1%,1.0,,,,,COMPLETE
41,trader_a,SIGNAL,PARSED,548,2817,,"[trader #A]

#среднесрок
#BTCUSDT 🐂 Лонг (вход с текущих)

— Вход с текущих: 64 012.30
— Усреднение: 62 873.40

— SL: 60 095.90 🛡(от A: -6.1%, от B: -4.4%)

— TP1: 69 209.20 🎯 (от A: +8.1%, от B: +10.1%)
— TP2: 75 246.10 🎯 (от A: +17.5%, от B: +19.7%)
— TP3: 84 783.80 🎯 (от A: +32.4%, от B: +34.8%)

— Цель (1W, спот): 92 010.70 💫 (от A: +43.7%)


позиция переносится в статистику марта

завтра откроем новые сделки",1.0,non_signal_intents_dropped_in_signal_message,"{""suppressed_intents"": [""MODIFY_ENTRY:вход с текущих"", ""MODIFY_ENTRY:вход с текущих""], ""matched_markers"": [""symbol/strong:usdt@28:32"", ""symbol/strong:usdt@28:32"", ""LONG/strong:лонг@35:39"", ""entry/strong:(вход с текущих)@40:56"", ""MODIFY_ENTRY/weak:вход@41:45"", ""MODIFY_ENTRY/strong:вход с текущих@41:5",BTCUSDT,LONG,TWO_STEP,2,1:MARKET:PRIMARY@64012.3|2:LIMIT:AVERAGING@62873.4,60095.9,3,69209.2|75246.1|84783.8,,,,,,,COMPLETE
41,trader_a,SIGNAL,PARSED,538,2832,,"[trader #A]

#среднесрок
#DOGEUSDT 🐻 Шорт (вход с текущих)

— Вход с текущих: 0.0951
— Усреднение: 0.0978

— SL: 0.1034 🛡(от A: -8.7%, от B: -5.7%)

— TP1: 0.0888 🎯 (от A: +6.6%, от B: +9.2%)
— TP2: 0.0813 🎯 (от A: +14.5%, от B: +16.9%)
— TP3: 0.0608 🎯 (от A: +36.1%, от B: +37.8%)

Вход не более 1-2% от депозита",1.0,non_signal_intents_dropped_in_signal_message,"{""suppressed_intents"": [""MODIFY_ENTRY:вход с текущих"", ""MODIFY_ENTRY:вход с текущих""], ""matched_markers"": [""symbol/strong:usdt@29:33"", ""symbol/strong:usdt@29:33"", ""SHORT/strong:шорт@36:40"", ""entry/strong:(вход с текущих)@41:57"", ""MODIFY_ENTRY/weak:вход@42:46"", ""MODIFY_ENTRY/strong:вход с текущих@42:",DOGEUSDT,SHORT,TWO_STEP,2,1:MARKET:PRIMARY@0.0951|2:LIMIT:AVERAGING@0.0978,0.1034,3,0.0888|0.0813|0.0608,Вход не более 1-2%,,1.0,2.0,,,COMPLETE
41,trader_a,SIGNAL,PARSED,536,2835,,"[trader #A]

#среднесрок
#FARTCOINUSDT 🐻 Шорт (вход с текущих)

Вход (2-фазный):
— Вход с текущих: 0.1586
— Усреднение: 0.1668

Стоп:
— SL: 0.1843 🛡(от A: -16.2%, от B: -10.5%)

Тейки (среднесрок, 3 цели):
— TP1: 0.1387 🎯 (от A: +12.5%, от B: +16.8%)
— TP2: 0.1222 🎯 (от A: +23.0%, от B: +26.7%)
— TP3: 0.0993 🎯 (от A: +37.4%, от B: +40.5%)",1.0,non_signal_intents_dropped_in_signal_message,"{""suppressed_intents"": [""MODIFY_ENTRY:вход с текущих"", ""MODIFY_ENTRY:вход с текущих""], ""matched_markers"": [""symbol/strong:usdt@33:37"", ""symbol/strong:usdt@33:37"", ""SHORT/strong:шорт@40:44"", ""entry/strong:(вход с текущих)@45:61"", ""MODIFY_ENTRY/weak:вход@46:50"", ""MODIFY_ENTRY/strong:вход с текущих@46:",FARTCOINUSDT,SHORT,TWO_STEP,2,1:MARKET:PRIMARY@0.1586|2:LIMIT:AVERAGING@0.1668,0.1843,3,0.1387|0.1222|0.0993,,,,,,,COMPLETE
41,trader_a,SIGNAL,PARSED,535,2838,,"[trader #A]

#среднесрок
#ETHUSDT 🐻 Шорт (вход с текущих)

— Вход с текущих: 1 977.63
— Усреднение: 2 030.65

— SL: 2 158.82 🛡(от A: -9.2%, от B: -6.3%)

— TP1: 1 807.28 🎯 (от A: +8.6%, от B: +11.0%)
— TP2: 1 615.96 🎯 (от A: +18.3%, от B: +20.4%)
— TP3: 1 370.28 🎯 (от A: +30.7%, от B: +32.5%)",1.0,non_signal_intents_dropped_in_signal_message,"{""suppressed_intents"": [""MODIFY_ENTRY:вход с текущих"", ""MODIFY_ENTRY:вход с текущих""], ""matched_markers"": [""symbol/strong:usdt@28:32"", ""symbol/strong:usdt@28:32"", ""SHORT/strong:шорт@35:39"", ""entry/strong:(вход с текущих)@40:56"", ""MODIFY_ENTRY/weak:вход@41:45"", ""MODIFY_ENTRY/strong:вход с текущих@41:",ETHUSDT,SHORT,TWO_STEP,2,1:MARKET:PRIMARY@1977.63|2:LIMIT:AVERAGING@2030.65,2158.82,3,1807.28|1615.96|1370.28,,,,,,,COMPLETE
41,trader_a,SIGNAL,PARSED,530,2850,,"[trader #A]

#среднесрок
#PYTHUSDT 🐂 Лонг (вход с текущих)

Вход (2-фазный):
— Вход с текущих: 0.0493
— Усреднение: —

Стоп:
— SL: 0.0456 🛡(от A: -7.5%, от B: —)

Тейки (среднесрок, 3 цели):
— TP1: 0.0527 🎯 (от A: +6.9%, от B: —)
— TP2: 0.0548 🎯 (от A: +11.2%, от B: —)
— TP3: 0.0628 🎯 (от A: +27.4%, от B: —)

Вход не более 1-2% от депозита",1.0,non_signal_intents_dropped_in_signal_message,"{""suppressed_intents"": [""MODIFY_ENTRY:вход с текущих"", ""MODIFY_ENTRY:вход с текущих""], ""matched_markers"": [""symbol/strong:usdt@29:33"", ""symbol/strong:usdt@29:33"", ""LONG/strong:лонг@36:40"", ""entry/strong:(вход с текущих)@41:57"", ""MODIFY_ENTRY/weak:вход@42:46"", ""MODIFY_ENTRY/strong:вход с текущих@42:5",PYTHUSDT,LONG,ONE_SHOT,1,1:MARKET:PRIMARY@0.0493,0.0456,3,0.0527|0.0548|0.0628,Вход не более 1-2%,,1.0,2.0,,,COMPLETE
41,trader_a,SIGNAL,PARSED,529,2851,,"[trader #A]

#интрадей 
#NEARUSDT 🐂 Лонг (вход лимиткой)

Вход (2-фазный): 
— Вход лимиткой: 1,1813 
— Усреднение: 1,1670 
Стоп: — SL: 1,1616 🛡(от A: -2,4%, от B: -0,5%)

Тейки (интрадей, 3 цели): 
— TP1: 1,2060 🎯 (от A: +1,3%, от B: +3,3%) 
— TP2: 1,2300 🎯 (от A: +3,4%, от B: +5,4%) 
— TP3: 1,2470 🎯 (от A: +4,8%, от B: +6,9%)",1.0,non_signal_intents_dropped_in_signal_message,"{""suppressed_intents"": [], ""matched_markers"": [""symbol/strong:usdt@27:31"", ""symbol/strong:usdt@27:31"", ""LONG/strong:лонг@34:38"", ""MODIFY_ENTRY/weak:вход@40:44"", ""entry/strong:вход лимиткой@40:53"", ""LIMIT/strong:вход лимиткой@40:53"", ""LIMIT/weak:лимиткой@45:53"", ""MODIFY_ENTRY/weak:вход@55:59"", ""entry",NEARUSDT,LONG,TWO_STEP,2,1:LIMIT:PRIMARY@1.1813|2:LIMIT:AVERAGING@1.167,1.1616,3,1.206|1.23|1.247,,,,,,,COMPLETE
41,trader_a,SIGNAL,PARSED,526,2854,,"[trader #A]

#интрадей
#TRUUSDT 🐂 Лонг (с текущих)

Вход (2-фазный):
— Вход лимиткой: 0.004714
— Усреднение: -

Стоп:
— SL: 0.004577 🛡(от A: −4.38%, от B: −)

Тейки (интрадей, 3 цели):
— TP1: 0.004876 🎯 (от A: +1.86%, от B: )
— TP2: 0.005149 🎯 (от A: +7.56%, от B: )
— TP3: 0.005701 🎯 (от A: +19.09%, от B: )",1.0,non_signal_intents_dropped_in_signal_message,"{""suppressed_intents"": [], ""matched_markers"": [""symbol/strong:usdt@26:30"", ""symbol/strong:usdt@26:30"", ""LONG/strong:лонг@33:37"", ""MODIFY_ENTRY/weak:с текущих@39:48"", ""MODIFY_ENTRY/weak:вход@50:54"", ""entry/strong:вход (2-фазный)@50:65"", ""MODIFY_ENTRY/weak:вход@69:73"", ""entry/strong:вход лимиткой@69:8",TRUUSDT,LONG,ONE_SHOT,1,1:LIMIT:PRIMARY@0.004714,0.004577,3,0.004876|0.005149|0.005701,,,,,,,COMPLETE
41,trader_a,SIGNAL,PARSED,525,2855,,"[trader #A]

#интрадей
#LDOUSDT 🐻 Шорт (вход лимиткой)

Вход (2-фазный):
— Вход лимиткой: 0,3081
— Усреднение: нет

Стоп:
— SL: 0,3136 🛡(от A: -1,8%, от B: —)

Тейки (интрадей, 3 цели):
— TP1: 0,3050 🎯 (от A: +1,0%, от B: —)
— TP2: 0,3004 🎯 (от A: +2,5%, от B: —)
— TP3: 0,2971 🎯 (от A: +3,6%, от B: —)",1.0,non_signal_intents_dropped_in_signal_message,"{""suppressed_intents"": [], ""matched_markers"": [""symbol/strong:usdt@26:30"", ""symbol/strong:usdt@26:30"", ""SHORT/strong:шорт@33:37"", ""MODIFY_ENTRY/weak:вход@39:43"", ""entry/strong:вход лимиткой@39:52"", ""LIMIT/strong:вход лимиткой@39:52"", ""LIMIT/weak:лимиткой@44:52"", ""MODIFY_ENTRY/weak:вход@54:58"", ""entr",LDOUSDT,SHORT,ONE_SHOT,1,1:LIMIT:PRIMARY@0.3081,0.3136,3,0.305|0.3004|0.2971,,,,,,,COMPLETE
41,trader_a,SIGNAL,PARSED,522,2859,,"[trader #A]

#интрадей
#POWRUSDT 🐂 Лонг (вход лимиткой) 

Вход (2-фазный):
— Вход лимиткой: 0,06330
— Усреднение: нет

Стоп:
— SL: 0,06141 🛡(от A: -3,0%)

Тейки (интрадей, 3 цели):
— TP1: 0,06410 🎯 (от A: +1,3%)
— TP2: 0,06610 🎯 (от A: +4,4%)
— TP3: 0,06880 🎯 (от A: +8,7%)

Вход не более 1% от депозита",1.0,non_signal_intents_dropped_in_signal_message,"{""suppressed_intents"": [], ""matched_markers"": [""symbol/strong:usdt@27:31"", ""symbol/strong:usdt@27:31"", ""LONG/strong:лонг@34:38"", ""MODIFY_ENTRY/weak:вход@40:44"", ""entry/strong:вход лимиткой@40:53"", ""LIMIT/strong:вход лимиткой@40:53"", ""LIMIT/weak:лимиткой@45:53"", ""MODIFY_ENTRY/weak:вход@55:59"", ""entry",POWRUSDT,LONG,ONE_SHOT,1,1:LIMIT:PRIMARY@0.0633,0.06141,3,0.0641|0.0661|0.0688,Вход не более 1%,1.0,,,,,COMPLETE
41,trader_a,SIGNAL,PARSED,520,2861,,"[trader #A] 

#интрадей
#HBARUSDT 🐻 Шорт (вход лимиткой)

Вход (2-фазный):
— Вход лимиткой: 0,09805
— Усреднение: нет

Стоп:
— SL: 0,09930 🛡(от A: -1,3%)

Тейки (интрадей, 3 цели):
— TP1: 0,09730 🎯 (от A: +0,8%)
— TP2: 0,09630 🎯 (от A: +1,8%)
— TP3: 0,09555 🎯 (от A: +2,5%)

Вход не более 1% от депозита",1.0,non_signal_intents_dropped_in_signal_message,"{""suppressed_intents"": [], ""matched_markers"": [""symbol/strong:usdt@27:31"", ""symbol/strong:usdt@27:31"", ""SHORT/strong:шорт@34:38"", ""MODIFY_ENTRY/weak:вход@40:44"", ""entry/strong:вход лимиткой@40:53"", ""LIMIT/strong:вход лимиткой@40:53"", ""LIMIT/weak:лимиткой@45:53"", ""MODIFY_ENTRY/weak:вход@55:59"", ""entr",HBARUSDT,SHORT,ONE_SHOT,1,1:LIMIT:PRIMARY@0.09805,0.0993,3,0.0973|0.0963|0.09555,Вход не более 1%,1.0,,,,,COMPLETE
41,trader_a,SIGNAL,PARSED,519,2862,,"[trader #A]

#интрадей
#STGUSDT 🐂 Лонг (вход лимиткой)

Вход (2-фазный):
— Вход лимиткой: 0,16335
— Усреднение: нет

Стоп:
— SL: 0,15999 🛡(от A: -2,1%)

Тейки (интрадей, 3 цели):
— TP1: 0,16590 🎯 (от A: +1,6%)
— TP2: 0,16810 🎯 (от A: +2,9%)
— TP3: 0,17050 🎯 (от A: +4,4%)

Вход не более 1% от депозита",1.0,non_signal_intents_dropped_in_signal_message,"{""suppressed_intents"": [], ""matched_markers"": [""symbol/strong:usdt@26:30"", ""symbol/strong:usdt@26:30"", ""LONG/strong:лонг@33:37"", ""MODIFY_ENTRY/weak:вход@39:43"", ""entry/strong:вход лимиткой@39:52"", ""LIMIT/strong:вход лимиткой@39:52"", ""LIMIT/weak:лимиткой@44:52"", ""MODIFY_ENTRY/weak:вход@54:58"", ""entry",STGUSDT,LONG,ONE_SHOT,1,1:LIMIT:PRIMARY@0.16335,0.15999,3,0.1659|0.1681|0.1705,Вход не более 1%,1.0,,,,,COMPLETE
41,trader_a,SIGNAL,PARSED,505,2880,,"[trader #A]

#интрадей
#TUSDT 🐂 Лонг (вход лимиткой)

Вход (2-фазный):
— Вход лимиткой: 0,006717
— Усреднение: нет

Стоп:
— SL: 0,006568 🛡(от A: -2,2%)

Тейки (интрадей, 3 цели):
— TP1: 0,006885 🎯 (от A: +2,5%)
— TP2: 0,007013 🎯 (от A: +4,4%)
— TP3: 0,007312 🎯 (от A: +8,9%)

Вход не более 1% от депозита",1.0,non_signal_intents_dropped_in_signal_message,"{""suppressed_intents"": [], ""matched_markers"": [""symbol/strong:usdt@24:28"", ""symbol/strong:usdt@24:28"", ""LONG/strong:лонг@31:35"", ""MODIFY_ENTRY/weak:вход@37:41"", ""entry/strong:вход лимиткой@37:50"", ""LIMIT/strong:вход лимиткой@37:50"", ""LIMIT/weak:лимиткой@42:50"", ""MODIFY_ENTRY/weak:вход@52:56"", ""entry",TUSDT,LONG,ONE_SHOT,1,1:LIMIT:PRIMARY@0.006717,0.006568,3,0.006885|0.007013|0.007312,Вход не более 1%,1.0,,,,,COMPLETE
41,trader_a,SIGNAL,PARSED,504,2881,,"[trader #A]

#интрадей
#WOOUSDT 🐂 Лонг (вход лимиткой) 

Вход (2-фазный):
— Вход лимиткой: 0,017707
— Усреднение: нет

Стоп:
— SL: 0,016439 🛡(от A: -7,2%)

Тейки (интрадей, 3 цели):
— TP1: 0,018537 🎯 (от A: +4,7%)
— TP2: 0,019500 🎯 (от A: +10,1%)
— TP3: 0,020300 🎯 (от A: +14,6%)",1.0,non_signal_intents_dropped_in_signal_message,"{""suppressed_intents"": [], ""matched_markers"": [""symbol/strong:usdt@26:30"", ""symbol/strong:usdt@26:30"", ""LONG/strong:лонг@33:37"", ""MODIFY_ENTRY/weak:вход@39:43"", ""entry/strong:вход лимиткой@39:52"", ""LIMIT/strong:вход лимиткой@39:52"", ""LIMIT/weak:лимиткой@44:52"", ""MODIFY_ENTRY/weak:вход@54:58"", ""entry",WOOUSDT,LONG,ONE_SHOT,1,1:LIMIT:PRIMARY@0.017707,0.016439,3,0.018537|0.0195|0.0203,,,,,,,COMPLETE
41,trader_a,SIGNAL,PARSED,502,2884,,"[trader #A]

#среднесрок
#SOLUSDT 🐻 Шорт (вход с текущих)

— Вход с текущих: 87.27
— Усреднение: 89.92

— SL: 96.11 🛡(от A: -10.13%, от B: -6.88%)

— TP1: 77.06 🎯 (от A: +11.70%, от B: +14.30%)
— TP2: 74.81 🎯 (от A: +14.28%, от B: +16.80%)
— TP3: 68.71 🎯 (от A: +21.26%, от B: +23.59%)

Вход не более 1-2% от депозита",1.0,non_signal_intents_dropped_in_signal_message,"{""suppressed_intents"": [""MODIFY_ENTRY:вход с текущих"", ""MODIFY_ENTRY:вход с текущих""], ""matched_markers"": [""symbol/strong:usdt@28:32"", ""symbol/strong:usdt@28:32"", ""SHORT/strong:шорт@35:39"", ""entry/strong:(вход с текущих)@40:56"", ""MODIFY_ENTRY/weak:вход@41:45"", ""MODIFY_ENTRY/strong:вход с текущих@41:",SOLUSDT,SHORT,TWO_STEP,2,1:MARKET:PRIMARY@87.27|2:LIMIT:AVERAGING@89.92,96.11,3,77.06|74.81|68.71,Вход не более 1-2%,,1.0,2.0,,,COMPLETE
41,trader_a,SIGNAL,PARSED,498,2892,,"[trader #A]

#интрадей
#NEARUSDT 🐻 Шорт (вход лимиткой) 

Вход (2-фазный):
— Вход лимиткой: 1,3525
— Усреднение: нет

Стоп:
— SL: 1,3953 🛡(от A: -3,2%)

Тейки (интрадей, 3 цели):
— TP1: 1,3290 🎯 (от A: +1,7%)
— TP2: 1,2926 🎯 (от A: +4,4%)
— TP3: 1,2670 🎯 (от A: +6,3%)",1.0,non_signal_intents_dropped_in_signal_message,"{""suppressed_intents"": [], ""matched_markers"": [""symbol/strong:usdt@27:31"", ""symbol/strong:usdt@27:31"", ""SHORT/strong:шорт@34:38"", ""MODIFY_ENTRY/weak:вход@40:44"", ""entry/strong:вход лимиткой@40:53"", ""LIMIT/strong:вход лимиткой@40:53"", ""LIMIT/weak:лимиткой@45:53"", ""MODIFY_ENTRY/weak:вход@55:59"", ""entr",NEARUSDT,SHORT,ONE_SHOT,1,1:LIMIT:PRIMARY@1.3525,1.3953,3,1.329|1.2926|1.267,,,,,,,COMPLETE
41,trader_a,SIGNAL,PARSED,482,2913,,"[trader #A] 

#интрадей
#SUPERUSDT 🐻 Шорт (вход лимиткой)

Вход (2-фазный):
— Вход лимиткой: 0,11700
— Усреднение: нет

Стоп:
— SL: 0,11850 🛡(от A: -1,3%)

Тейки (интрадей, 3 цели):
— TP1: 0,11600 🎯 (от A: +0,9%)
— TP2: 0,11476 🎯 (от A: +1,9%)
— TP3: 0,11348 🎯 (от A: +3,0%)

Вход не более 1% от депозита",1.0,non_signal_intents_dropped_in_signal_message,"{""suppressed_intents"": [], ""matched_markers"": [""symbol/strong:usdt@28:32"", ""symbol/strong:usdt@28:32"", ""SHORT/strong:шорт@35:39"", ""MODIFY_ENTRY/weak:вход@41:45"", ""entry/strong:вход лимиткой@41:54"", ""LIMIT/strong:вход лимиткой@41:54"", ""LIMIT/weak:лимиткой@46:54"", ""MODIFY_ENTRY/weak:вход@56:60"", ""entr",SUPERUSDT,SHORT,ONE_SHOT,1,1:LIMIT:PRIMARY@0.117,0.1185,3,0.116|0.11476|0.11348,Вход не более 1%,1.0,,,,,COMPLETE
41,trader_a,SIGNAL,PARSED,481,2914,,"[trader #A]

#интрадей
#APTUSDT 🐂 Лонг (вход с текущих)

Вход (2-фазный):
— Вход лимиткой: 0,9961
— Усреднение: нет

Стоп:
— SL: 0,9780 🛡(от A: -2,1%)

Тейки (интрадей, 3 цели):
— TP1: 1,0130 🎯 (от A: +1,4%)
— TP2: 1,0290 🎯 (от A: +3,0%)
— TP3: 1,0410 🎯 (от A: +4,2%)

Вход не более 1% от депозита",1.0,non_signal_intents_dropped_in_signal_message,"{""suppressed_intents"": [""MODIFY_ENTRY:вход с текущих""], ""matched_markers"": [""symbol/strong:usdt@26:30"", ""symbol/strong:usdt@26:30"", ""LONG/strong:лонг@33:37"", ""entry/strong:(вход с текущих)@38:54"", ""MODIFY_ENTRY/weak:вход@39:43"", ""MODIFY_ENTRY/strong:вход с текущих@39:53"", ""MARKET/strong:вход с текущ",APTUSDT,LONG,ONE_SHOT,1,1:LIMIT:PRIMARY@0.9961,0.978,3,1.013|1.029|1.041,Вход не более 1%,1.0,,,,,COMPLETE
41,trader_a,SIGNAL,PARSED,480,2916,,"[trader #A]

#интрадей
#SKLUSDT 🐂 Лонг (вход лимиткой)

Вход (2-фазный):
— Вход лимиткой: 0,006600
— Усреднение: нет

Стоп:
— SL: 0,006472 🛡(от A: -1,9%)

Тейки (интрадей, 3 цели):
— TP1: 0,006690 🎯 (от A: +1,4%)
— TP2: 0,006780 🎯 (от A: +2,7%)
— TP3: 0,006860 🎯 (от A: +3,9%)

Вход не более 0.5% от депозита",1.0,non_signal_intents_dropped_in_signal_message,"{""suppressed_intents"": [], ""matched_markers"": [""symbol/strong:usdt@26:30"", ""symbol/strong:usdt@26:30"", ""LONG/strong:лонг@33:37"", ""MODIFY_ENTRY/weak:вход@39:43"", ""entry/strong:вход лимиткой@39:52"", ""LIMIT/strong:вход лимиткой@39:52"", ""LIMIT/weak:лимиткой@44:52"", ""MODIFY_ENTRY/weak:вход@54:58"", ""entry",SKLUSDT,LONG,ONE_SHOT,1,1:LIMIT:PRIMARY@0.0066,0.006472,3,0.00669|0.00678|0.00686,Вход не более 0.5%,0.5,,,,,COMPLETE
41,trader_a,SIGNAL,PARSED,466,2930,,"[trader #A]

#интрадей
#CHZUSDT 🐂 Лонг (вход лимиткой)

Вход (2-фазный):
— Вход лимиткой: 0,03660
— Усреднение: нет

Стоп:
— SL: 0,03495 🛡(от A: -4,5%)

Тейки (интрадей, 3 цели):
— TP1: 0,03728 🎯 (от A: +1,9%)
— TP2: 0,03993 🎯 (от A: +9,1%)
— TP3: 0,04043 🎯 (от A: +10,5%)",1.0,non_signal_intents_dropped_in_signal_message,"{""suppressed_intents"": [], ""matched_markers"": [""symbol/strong:usdt@26:30"", ""symbol/strong:usdt@26:30"", ""LONG/strong:лонг@33:37"", ""MODIFY_ENTRY/weak:вход@39:43"", ""entry/strong:вход лимиткой@39:52"", ""LIMIT/strong:вход лимиткой@39:52"", ""LIMIT/weak:лимиткой@44:52"", ""MODIFY_ENTRY/weak:вход@54:58"", ""entry",CHZUSDT,LONG,ONE_SHOT,1,1:LIMIT:PRIMARY@0.0366,0.03495,3,0.03728|0.03993|0.04043,,,,,,,COMPLETE
41,trader_a,SIGNAL,PARSED,453,2944,,"Trader #A 

#среднесрок
#BTCUSDT 🐻 Шорт (вход с текущих)

Вход (2-фазный):
— Вход с текущих: 71 063.60
— Усреднение: —

Стоп:
— SL: 75 059.80 🛡(от A: -5.62%, от B: —)

Тейки (среднесрок, 3 цели):
— TP1: 67 452.20 🎯 (от A: +5.08%, от B: —)
— TP2: 63 543.10 🎯 (от A: +10.58%, от B: —)
— TP3: 59 897.40 🎯 (от A: +15.71%, от B: —)

Вход не более 1-2% от депозита",1.0,non_signal_intents_dropped_in_signal_message,"{""suppressed_intents"": [""MODIFY_ENTRY:вход с текущих"", ""MODIFY_ENTRY:вход с текущих""], ""matched_markers"": [""symbol/strong:usdt@26:30"", ""symbol/strong:usdt@26:30"", ""SHORT/strong:шорт@33:37"", ""entry/strong:(вход с текущих)@38:54"", ""MODIFY_ENTRY/weak:вход@39:43"", ""MODIFY_ENTRY/strong:вход с текущих@39:",BTCUSDT,SHORT,ONE_SHOT,1,1:MARKET:PRIMARY@71063.6,75059.8,3,67452.2|63543.1|59897.4,Вход не более 1-2%,,1.0,2.0,,,COMPLETE
41,trader_a,SIGNAL,PARSED,447,2950,,"[trader #A]

#интрадей
#MNTUSDT 🐂 Лонг (вход лимиткой)

Вход (2-фазный):
— Вход лимиткой: 0,7058
— Усреднение: нет

Стоп:
— SL: 0,6969 🛡(от A: -1,3%)

Тейки (интрадей, 3 цели):
— TP1: 0,7110 🎯 (от A: +0,7%)
— TP2: 0,7185 🎯 (от A: +1,8%)
— TP3: 0,7240 🎯 (от A: +2,6%)",1.0,non_signal_intents_dropped_in_signal_message,"{""suppressed_intents"": [], ""matched_markers"": [""symbol/strong:usdt@26:30"", ""symbol/strong:usdt@26:30"", ""LONG/strong:лонг@33:37"", ""MODIFY_ENTRY/weak:вход@39:43"", ""entry/strong:вход лимиткой@39:52"", ""LIMIT/strong:вход лимиткой@39:52"", ""LIMIT/weak:лимиткой@44:52"", ""MODIFY_ENTRY/weak:вход@54:58"", ""entry",MNTUSDT,LONG,ONE_SHOT,1,1:LIMIT:PRIMARY@0.7058,0.6969,3,0.711|0.7185|0.724,,,,,,,COMPLETE
41,trader_a,SIGNAL,PARSED,444,2955,,"[trader #A]

#интрадей
#VANRYUSDT 🐂 Лонг (вход лимиткой) 

Вход (2-фазный):
— Вход лимиткой: 0,005111
— Усреднение: нет

Стоп:
— SL: 0,004925 🛡(от A: -3,6%)

Тейки (интрадей, 3 цели):
— TP1: 0,005200 🎯 (от A: +1,7%)
— TP2: 0,005433 🎯 (от A: +6,3%)
— TP3: 0,005972 🎯 (от A: +16,8%)",1.0,non_signal_intents_dropped_in_signal_message,"{""suppressed_intents"": [], ""matched_markers"": [""symbol/strong:usdt@28:32"", ""symbol/strong:usdt@28:32"", ""LONG/strong:лонг@35:39"", ""MODIFY_ENTRY/weak:вход@41:45"", ""entry/strong:вход лимиткой@41:54"", ""LIMIT/strong:вход лимиткой@41:54"", ""LIMIT/weak:лимиткой@46:54"", ""MODIFY_ENTRY/weak:вход@56:60"", ""entry",VANRYUSDT,LONG,ONE_SHOT,1,1:LIMIT:PRIMARY@0.005111,0.004925,3,0.0052|0.005433|0.005972,,,,,,,COMPLETE
41,trader_a,SIGNAL,PARSED,440,2962,,"[trader #A] 

#среднесрок
#WIFUSDT 🐂 Лонг (вход с текущих)

Вход (2-фазный):
— Вход с текущих: 0.2176
— Усреднение: 0.2109

Стоп:
— SL: 0.1986 🛡(от A: -8.7%, от B: -5.8%)

Тейки (среднесрок, 3 цели):
— TP1: 0.2329 🎯 (от A: +7.0%, от B: +10.4%)
— TP2: 0.2466 🎯 (от A: +13.3%, от B: +16.9%)
— TP3: 0.2624 🎯 (от A: +20.6%, от B: +24.4%)",1.0,non_signal_intents_dropped_in_signal_message,"{""suppressed_intents"": [""MODIFY_ENTRY:вход с текущих"", ""MODIFY_ENTRY:вход с текущих""], ""matched_markers"": [""symbol/strong:usdt@28:32"", ""symbol/strong:usdt@28:32"", ""LONG/strong:лонг@35:39"", ""entry/strong:(вход с текущих)@40:56"", ""MODIFY_ENTRY/weak:вход@41:45"", ""MODIFY_ENTRY/strong:вход с текущих@41:5",WIFUSDT,LONG,TWO_STEP,2,1:MARKET:PRIMARY@0.2176|2:LIMIT:AVERAGING@0.2109,0.1986,3,0.2329|0.2466|0.2624,,,,,,,COMPLETE
41,trader_a,SIGNAL,PARSED,439,2963,,"[trader #A]

#среднесрок
#xrpusdt 🐂 Лонг (вход с текущих)

— Вход с текущих: 1.4247
— Усреднение: 1.3936

— SL: 1.3117 🛡(от A: -7.9%, от B: -5.9%)

— TP1: 1.5666 🎯 (от A: +10.0%, от B: +12.4%)
— TP2: 1.7007 🎯 (от A: +19.4%, от B: +22.0%)
— TP3: 1.8836 🎯 (от A: +32.2%, от B: +35.2%)

Вход не более 1–1.5% от депозита",1.0,non_signal_intents_dropped_in_signal_message,"{""suppressed_intents"": [""MODIFY_ENTRY:вход с текущих"", ""MODIFY_ENTRY:вход с текущих""], ""matched_markers"": [""leverage/weak:x@25:26"", ""symbol/strong:usdt@28:32"", ""symbol/strong:usdt@28:32"", ""LONG/strong:лонг@35:39"", ""entry/strong:(вход с текущих)@40:56"", ""MODIFY_ENTRY/weak:вход@41:45"", ""MODIFY_ENTRY/s",XRPUSDT,LONG,RANGE,2,1:LIMIT:PRIMARY@1.0|2:LIMIT:AVERAGING@1.0,1.3117,3,1.5666|1.7007|1.8836,Вход не более 1–1.5%,,1.0,1.5,,,COMPLETE
41,trader_a,SIGNAL,PARSED,438,2964,,"[trader #A]

#среднесрок
#SHIB1000USDT 🐂 Лонг (вход с текущих)

— Вход с текущих: 0.005633
— Усреднение: —

— SL: 0.004807 🛡(от A: -14.7%, от B: —)

— TP1: 0.005974 🎯 (от A: +6.1%, от B: —)
— TP2: 0.007171 🎯 (от A: +27.3%, от B: —)
— TP3: 0.007955 🎯 (от A: +41.2%, от B: —)",1.0,non_signal_intents_dropped_in_signal_message,"{""suppressed_intents"": [""MODIFY_ENTRY:вход с текущих"", ""MODIFY_ENTRY:вход с текущих""], ""matched_markers"": [""symbol/strong:usdt@33:37"", ""symbol/strong:usdt@33:37"", ""LONG/strong:лонг@40:44"", ""entry/strong:(вход с текущих)@45:61"", ""MODIFY_ENTRY/weak:вход@46:50"", ""MODIFY_ENTRY/strong:вход с текущих@46:6",SHIB1000USDT,LONG,ONE_SHOT,1,1:MARKET:PRIMARY@0.005633,0.004807,3,0.005974|0.007171|0.007955,,,,,,,COMPLETE
41,trader_a,SIGNAL,PARSED,428,2977,,"[trader #A]

#интрадей
#AVAXUSDT 🐂 Лонг (вход с текущих)

Вход (2-фазный):
— Вход лимиткой: 9,39
— Усреднение: нет

Стоп:
— SL: 9,317 

Тейки (интрадей, 3 цели):
— TP1: 9,550 🎯 
— TP2: 9,661 🎯 
— TP3: 9,750 🎯",1.0,non_signal_intents_dropped_in_signal_message,"{""suppressed_intents"": [""MODIFY_ENTRY:вход с текущих""], ""matched_markers"": [""leverage/weak:x@26:27"", ""symbol/strong:usdt@27:31"", ""symbol/strong:usdt@27:31"", ""LONG/strong:лонг@34:38"", ""entry/strong:(вход с текущих)@39:55"", ""MODIFY_ENTRY/weak:вход@40:44"", ""MODIFY_ENTRY/strong:вход с текущих@40:54"", ""M",AVAXUSDT,LONG,ONE_SHOT,1,1:LIMIT:PRIMARY@9.39,9.317,3,9.55|9.661|9.75,,,,,,,COMPLETE
41,trader_a,SIGNAL,PARSED,425,2980,,"[trader #A]

#интрадей
#API3USDT 🐻 Шорт (вход лимиткой) 

Вход (2-фазный):
— Вход лимиткой: 0,2860
— Усреднение: нет

Стоп:
— SL: 0,2910 🛡(от A: -1,7%)

Тейки (интрадей, 3 цели):
— TP1: 0,2840 🎯 (от A: +0,7%)
— TP2: 0,2790 🎯 (от A: +2,4%)
— TP3: 0,2760 🎯 (от A: +3,5%)

AVAX был пробным выстрелом, продолжаем",1.0,non_signal_intents_dropped_in_signal_message,"{""suppressed_intents"": [], ""matched_markers"": [""symbol/strong:usdt@27:31"", ""symbol/strong:usdt@27:31"", ""SHORT/strong:шорт@34:38"", ""MODIFY_ENTRY/weak:вход@40:44"", ""entry/strong:вход лимиткой@40:53"", ""LIMIT/strong:вход лимиткой@40:53"", ""LIMIT/weak:лимиткой@45:53"", ""MODIFY_ENTRY/weak:вход@55:59"", ""entr",API3USDT,SHORT,ONE_SHOT,1,1:LIMIT:PRIMARY@0.286,0.291,3,0.284|0.279|0.276,,,,,,,COMPLETE
41,trader_a,SIGNAL,PARSED,423,2983,,"[trader #A]

#интрадей
#ARBUSDT 🐻 Шорт (вход лимиткой)

Вход (2-фазный):
— Вход лимиткой: 0,10380
— Усреднение: нет
Стоп:
— SL: 0,10612 🛡(от A: -2,2%)

Тейки (интрадей, 3 цели):
— TP1: 0,10160 🎯 (от A: +2,1%)
— TP2: 0,10050 🎯 (от A: +3,2%)
— TP3: 0,09910 🎯 (от A: +4,5%)",1.0,non_signal_intents_dropped_in_signal_message,"{""suppressed_intents"": [], ""matched_markers"": [""symbol/strong:usdt@26:30"", ""symbol/strong:usdt@26:30"", ""SHORT/strong:шорт@33:37"", ""MODIFY_ENTRY/weak:вход@39:43"", ""entry/strong:вход лимиткой@39:52"", ""LIMIT/strong:вход лимиткой@39:52"", ""LIMIT/weak:лимиткой@44:52"", ""MODIFY_ENTRY/weak:вход@54:58"", ""entr",ARBUSDT,SHORT,ONE_SHOT,1,1:LIMIT:PRIMARY@0.1038,0.10612,3,0.1016|0.1005|0.0991,,,,,,,COMPLETE
41,trader_a,SIGNAL,PARSED,422,2984,,"[trader #A]

#интрадей
#BANDUSDT 🐻 Шорт (вход лимиткой)

Вход
— Вход лимиткой: 0,2136
— Усреднение: нет

Стоп:
— SL: 0,2175 🛡(от A: -1,8%)

Тейки (интрадей, 3 цели):
— TP1: 0,2112 🎯 (от A: +1,1%)
— TP2: 0,2081 🎯 (от A: +2,6%)
— TP3: 0,2058 🎯 (от A: +3,7%)",1.0,non_signal_intents_dropped_in_signal_message,"{""suppressed_intents"": [], ""matched_markers"": [""symbol/strong:usdt@27:31"", ""symbol/strong:usdt@27:31"", ""SHORT/strong:шорт@34:38"", ""MODIFY_ENTRY/weak:вход@40:44"", ""entry/strong:вход лимиткой@40:53"", ""LIMIT/strong:вход лимиткой@40:53"", ""LIMIT/weak:лимиткой@45:53"", ""MODIFY_ENTRY/weak:вход@55:59"", ""MODI",BANDUSDT,SHORT,ONE_SHOT,1,1:LIMIT:PRIMARY@0.2136,0.2175,3,0.2112|0.2081|0.2058,,,,,,,COMPLETE
41,trader_a,SIGNAL,PARSED,421,2985,,"[trader #A]

#интрадей
#BEAMUSDT 🐻 Шорт (вход лимиткой)

Вход (2-фазный):
— Вход лимиткой: 0,0019480
— Усреднение: нет

Стоп:
— SL: 0,0019802 🛡(от A: -1,7%)

Тейки (интрадей, 3 цели):
— TP1: 0,0019320 🎯 (от A: +0,8%)
— TP2: 0,0019010 🎯 (от A: +2,4%)
— TP3: 0,0018810 🎯 (от A: +3,4%)",1.0,non_signal_intents_dropped_in_signal_message,"{""suppressed_intents"": [], ""matched_markers"": [""symbol/strong:usdt@27:31"", ""symbol/strong:usdt@27:31"", ""SHORT/strong:шорт@34:38"", ""MODIFY_ENTRY/weak:вход@40:44"", ""entry/strong:вход лимиткой@40:53"", ""LIMIT/strong:вход лимиткой@40:53"", ""LIMIT/weak:лимиткой@45:53"", ""MODIFY_ENTRY/weak:вход@55:59"", ""entr",BEAMUSDT,SHORT,ONE_SHOT,1,1:LIMIT:PRIMARY@0.001948,0.0019802,3,0.001932|0.001901|0.001881,,,,,,,COMPLETE
41,trader_a,SIGNAL,PARSED,420,2986,,"[trader #A]

#интрадей
#AAVEUSDT 🐻 Шорт (вход лимиткой)

Вход (2-фазный):
— Вход лимиткой: 117,10
— Усреднение: нет

Стоп:
— SL: 119,24 🛡(от A: -1,8%)

Тейки (интрадей, 3 цели):
— TP1: 116,03 🎯 (от A: +0,9%)
— TP2: 114,10 🎯 (от A: +2,6%)
— TP3: 112,82 🎯 (от A: +3,7%)",1.0,non_signal_intents_dropped_in_signal_message,"{""suppressed_intents"": [], ""matched_markers"": [""symbol/strong:usdt@27:31"", ""symbol/strong:usdt@27:31"", ""SHORT/strong:шорт@34:38"", ""MODIFY_ENTRY/weak:вход@40:44"", ""entry/strong:вход лимиткой@40:53"", ""LIMIT/strong:вход лимиткой@40:53"", ""LIMIT/weak:лимиткой@45:53"", ""MODIFY_ENTRY/weak:вход@55:59"", ""entr",AAVEUSDT,SHORT,ONE_SHOT,1,1:LIMIT:PRIMARY@117.1,119.24,3,116.03|114.1|112.82,,,,,,,COMPLETE
41,trader_a,SIGNAL,PARSED,419,2987,,"[trader #A]

#интрадей
#CFXUSDT 🐻 Шорт (вход лимиткой)

Вход (2-фазный):
— Вход лимиткой: 0,04930
— Усреднение: нет

Стоп:
— SL: 0,05029 🛡(от A: -2,0%)

Тейки (интрадей, 3 цели):
— TP1: 0,04870 🎯 (от A: +1,2%)
— TP2: 0,04791 🎯 (от A: +2,8%)
— TP3: 0,04732 🎯 (от A: +4,0%)",1.0,non_signal_intents_dropped_in_signal_message,"{""suppressed_intents"": [], ""matched_markers"": [""leverage/weak:x@25:26"", ""symbol/strong:usdt@26:30"", ""symbol/strong:usdt@26:30"", ""SHORT/strong:шорт@33:37"", ""MODIFY_ENTRY/weak:вход@39:43"", ""entry/strong:вход лимиткой@39:52"", ""LIMIT/strong:вход лимиткой@39:52"", ""LIMIT/weak:лимиткой@44:52"", ""MODIFY_ENTR",CFXUSDT,SHORT,ONE_SHOT,1,1:LIMIT:PRIMARY@0.0493,0.05029,3,0.0487|0.04791|0.04732,,,,,,,COMPLETE
41,trader_a,SIGNAL,PARSED,395,3017,,"[trader #A]

#интрадей
#1INCHUSDT 🐻 Шорт (вход лимиткой)

Вход (2-фазный):
— Вход лимиткой: 0,09560
— Усреднение: нет

Стоп:
— SL: 0,09800 🛡(от A: -2,5%)

Тейки (интрадей, 3 цели):
— TP1: 0,09310 🎯 (от A: +2,6%)
— TP2: 0,09180 🎯 (от A: +4,0%)
— TP3: 0,09020 🎯 (от A: +5,6%)",1.0,non_signal_intents_dropped_in_signal_message,"{""suppressed_intents"": [], ""matched_markers"": [""symbol/strong:usdt@28:32"", ""symbol/strong:usdt@28:32"", ""SHORT/strong:шорт@35:39"", ""MODIFY_ENTRY/weak:вход@41:45"", ""entry/strong:вход лимиткой@41:54"", ""LIMIT/strong:вход лимиткой@41:54"", ""LIMIT/weak:лимиткой@46:54"", ""MODIFY_ENTRY/weak:вход@56:60"", ""entr",1INCHUSDT,SHORT,ONE_SHOT,1,1:LIMIT:PRIMARY@0.0956,0.098,3,0.0931|0.0918|0.0902,,,,,,,COMPLETE
41,trader_a,SIGNAL,PARSED,394,3018,,"[trader #A]

#интрадей
#AGLDUSDT 🐂 Лонг (вход лимиткой)

Вход (2-фазный):
— Вход лимиткой: 0,28180
— Усреднение: нет

Стоп:
— SL: 0,27140 🛡(от A: -3,7%)

Тейки (интрадей, 3 цели):
— TP1: 0,28950 🎯 (от A: +2,7%)
— TP2: 0,29850 🎯 (от A: +5,9%)
— TP3: 0,30950 🎯 (от A: +9,8%)",1.0,non_signal_intents_dropped_in_signal_message,"{""suppressed_intents"": [], ""matched_markers"": [""symbol/strong:usdt@27:31"", ""symbol/strong:usdt@27:31"", ""LONG/strong:лонг@34:38"", ""MODIFY_ENTRY/weak:вход@40:44"", ""entry/strong:вход лимиткой@40:53"", ""LIMIT/strong:вход лимиткой@40:53"", ""LIMIT/weak:лимиткой@45:53"", ""MODIFY_ENTRY/weak:вход@55:59"", ""entry",AGLDUSDT,LONG,ONE_SHOT,1,1:LIMIT:PRIMARY@0.2818,0.2714,3,0.2895|0.2985|0.3095,,,,,,,COMPLETE
41,trader_a,SIGNAL,PARSED,392,3020,,"[trader #A]

#интрадей
#ANKRUSDT 🐻 Шорт (вход лимиткой)

Вход (2-фазный):
— Вход лимиткой: 0,004470
— Усреднение: нет

Стоп:
— SL: 0,004820 🛡(от A: -7,8%)

Тейки (интрадей, 3 цели):
— TP1: 0,004300 🎯 (от A: +3,8%)
— TP2: 0,004150 🎯 (от A: +7,2%)
— TP3: 0,003950 🎯 (от A: +11,6%)",1.0,non_signal_intents_dropped_in_signal_message,"{""suppressed_intents"": [], ""matched_markers"": [""symbol/strong:usdt@27:31"", ""symbol/strong:usdt@27:31"", ""SHORT/strong:шорт@34:38"", ""MODIFY_ENTRY/weak:вход@40:44"", ""entry/strong:вход лимиткой@40:53"", ""LIMIT/strong:вход лимиткой@40:53"", ""LIMIT/weak:лимиткой@45:53"", ""MODIFY_ENTRY/weak:вход@55:59"", ""entr",ANKRUSDT,SHORT,ONE_SHOT,1,1:LIMIT:PRIMARY@0.00447,0.00482,3,0.0043|0.00415|0.00395,,,,,,,COMPLETE
41,trader_a,SIGNAL,PARSED,390,3022,,"[trader #A]

#интрадей
#BOBAUSDT 🐻 Шорт (вход лимиткой)

Вход (2-фазный):
— Вход лимиткой: 0,02104
— Усреднение: нет

Стоп:
— SL: 0,02146 🛡(от A: -2,0%)

Тейки (интрадей, 3 цели):
— TP1: 0,02055 🎯 (от A: +2,3%)
— TP2: 0,02015 🎯 (от A: +4,2%)
— TP3: 0,01980 🎯 (от A: +5,9%)",1.0,non_signal_intents_dropped_in_signal_message,"{""suppressed_intents"": [], ""matched_markers"": [""symbol/strong:usdt@27:31"", ""symbol/strong:usdt@27:31"", ""SHORT/strong:шорт@34:38"", ""MODIFY_ENTRY/weak:вход@40:44"", ""entry/strong:вход лимиткой@40:53"", ""LIMIT/strong:вход лимиткой@40:53"", ""LIMIT/weak:лимиткой@45:53"", ""MODIFY_ENTRY/weak:вход@55:59"", ""entr",BOBAUSDT,SHORT,ONE_SHOT,1,1:LIMIT:PRIMARY@0.02104,0.02146,3,0.02055|0.02015|0.0198,,,,,,,COMPLETE
41,trader_a,SIGNAL,PARSED,377,3040,,"[trader #A]

#среднесрок
#ENAUSDT 🐂 Лонг (вход с текущих)

— Вход с текущих: 0.1013
— Усреднение: —

— SL: 0.0924 🛡(от A: -8.8%, от B: —)

— TP1: 0.1091 🎯 (от A: +7.7%, от B: —)
— TP2: 0.1123 🎯 (от A: +10.9%, от B: —)
— TP3: 0.1225 🎯 (от A: +20.9%, от B: —)


— Вход не более 1-2% от депозита",1.0,non_signal_intents_dropped_in_signal_message,"{""suppressed_intents"": [""MODIFY_ENTRY:вход с текущих"", ""MODIFY_ENTRY:вход с текущих""], ""matched_markers"": [""symbol/strong:usdt@28:32"", ""symbol/strong:usdt@28:32"", ""LONG/strong:лонг@35:39"", ""entry/strong:(вход с текущих)@40:56"", ""MODIFY_ENTRY/weak:вход@41:45"", ""MODIFY_ENTRY/strong:вход с текущих@41:5",ENAUSDT,LONG,ONE_SHOT,1,1:MARKET:PRIMARY@0.1013,0.0924,3,0.1091|0.1123|0.1225,Вход не более 1-2%,,1.0,2.0,,,COMPLETE
41,trader_a,SIGNAL,PARSED,376,3041,,"[trader #A]

#среднесрок
#DOGEUSDT 🐂 Лонг (вход с текущих) 

— Вход с текущих: 0.0906
— Усреднение: —

— SL: 0.0812 🛡(от A: -10.4%, от B: —)

— TP1: 0.1053 🎯 (от A: +16.2%, от B: —)
— TP2: 0.1152 🎯 (от A: +27.2%, от B: —)
— TP3: 0.1459 🎯 (от A: +61.0%, от B: —)",1.0,non_signal_intents_dropped_in_signal_message,"{""suppressed_intents"": [""MODIFY_ENTRY:вход с текущих"", ""MODIFY_ENTRY:вход с текущих""], ""matched_markers"": [""symbol/strong:usdt@29:33"", ""symbol/strong:usdt@29:33"", ""LONG/strong:лонг@36:40"", ""entry/strong:(вход с текущих)@41:57"", ""MODIFY_ENTRY/weak:вход@42:46"", ""MODIFY_ENTRY/strong:вход с текущих@42:5",DOGEUSDT,LONG,ONE_SHOT,1,1:MARKET:PRIMARY@0.0906,0.0812,3,0.1053|0.1152|0.1459,,,,,,,COMPLETE
41,trader_a,SIGNAL,PARSED,375,3042,,"[trader #A]

#среднесрок
#PEOPLEUSDT 🐂 Лонг (вход с текущих)

— Вход с текущих: 0.006884
— Усреднение: —

— SL: 0.006267 🛡(от A: -9.0%, от B: —)

— TP1: 0.007517 🎯 (от A: +9.2%, от B: —)
— TP2: 0.007938 🎯 (от A: +15.3%, от B: —)
— TP3: 0.009977 🎯 (от A: +44.9%, от B: —)",1.0,non_signal_intents_dropped_in_signal_message,"{""suppressed_intents"": [""MODIFY_ENTRY:вход с текущих"", ""MODIFY_ENTRY:вход с текущих""], ""matched_markers"": [""symbol/strong:usdt@31:35"", ""symbol/strong:usdt@31:35"", ""LONG/strong:лонг@38:42"", ""entry/strong:(вход с текущих)@43:59"", ""MODIFY_ENTRY/weak:вход@44:48"", ""MODIFY_ENTRY/strong:вход с текущих@44:5",PEOPLEUSDT,LONG,ONE_SHOT,1,1:MARKET:PRIMARY@0.006884,0.006267,3,0.007517|0.007938|0.009977,,,,,,,COMPLETE
41,trader_a,SIGNAL,PARSED,362,3067,,"[trader #A]

#среднесрок
#ETHUSDT 🐂 Лонг (вход с текущих)

— Вход с текущих: 2 004.84
— Усреднение: —

— SL: 1 843.67 🛡(от A: -8.0%, от B: -)

— TP1: 2 239.97 🎯 (от A: +11.7%, от B: -)
— TP2: 2 484.37 🎯 (от A: +23.9%, от B: -)
— TP3: 2 940.78 🎯 (от A: +46.7%, от B: -)",1.0,non_signal_intents_dropped_in_signal_message,"{""suppressed_intents"": [""MODIFY_ENTRY:вход с текущих"", ""MODIFY_ENTRY:вход с текущих""], ""matched_markers"": [""symbol/strong:usdt@28:32"", ""symbol/strong:usdt@28:32"", ""LONG/strong:лонг@35:39"", ""entry/strong:(вход с текущих)@40:56"", ""MODIFY_ENTRY/weak:вход@41:45"", ""MODIFY_ENTRY/strong:вход с текущих@41:5",ETHUSDT,LONG,ONE_SHOT,1,1:MARKET:PRIMARY@2004.84,1843.67,3,2239.97|2484.37|2940.78,,,,,,,COMPLETE
41,trader_a,SIGNAL,PARSED,353,3080,,"[trader #A]

#среднесрок
#BTCUSDT 🐂 Лонг (вход с текущих)

— Вход с текущих: 69 035.80
— Усреднение: 67 977.40

— SL: 65 623.80 🛡(от A: -4.9%, от B: -3.5%)

— TP1: 73 285.40 🎯 (от A: +6.2%, от B: +7.8%)
— TP2: 74 029.40 🎯 (от A: +7.2%, от B: +8.9%)
— TP3: 76 483.20 🎯 (от A: +10.8%, от B: +12.5%)",1.0,non_signal_intents_dropped_in_signal_message,"{""suppressed_intents"": [""MODIFY_ENTRY:вход с текущих"", ""MODIFY_ENTRY:вход с текущих""], ""matched_markers"": [""symbol/strong:usdt@28:32"", ""symbol/strong:usdt@28:32"", ""LONG/strong:лонг@35:39"", ""entry/strong:(вход с текущих)@40:56"", ""MODIFY_ENTRY/weak:вход@41:45"", ""MODIFY_ENTRY/strong:вход с текущих@41:5",BTCUSDT,LONG,TWO_STEP,2,1:MARKET:PRIMARY@69035.8|2:LIMIT:AVERAGING@67977.4,65623.8,3,73285.4|74029.4|76483.2,,,,,,,COMPLETE
41,trader_a,SIGNAL,PARSED,349,3086,,"[trader #A]

#среднесрок
#SOLUSDT 🐂 Лонг (вход с текущих)

— Вход с текущих: 86.26
— Усреднение: —

— SL: 80.67 🛡(от A: -6.5%, от B: —)

— TP1: 95.43 🎯 (от A: +10.6%, от B: —)
— TP2: 107.09 🎯 (от A: +24.2%, от B: —)
— TP3: 119.72 🎯 (от A: +38.8%, от B: —)",1.0,non_signal_intents_dropped_in_signal_message,"{""suppressed_intents"": [""MODIFY_ENTRY:вход с текущих"", ""MODIFY_ENTRY:вход с текущих""], ""matched_markers"": [""symbol/strong:usdt@28:32"", ""symbol/strong:usdt@28:32"", ""LONG/strong:лонг@35:39"", ""entry/strong:(вход с текущих)@40:56"", ""MODIFY_ENTRY/weak:вход@41:45"", ""MODIFY_ENTRY/strong:вход с текущих@41:5",SOLUSDT,LONG,ONE_SHOT,1,1:MARKET:PRIMARY@86.26,80.67,3,95.43|107.09|119.72,,,,,,,COMPLETE
41,trader_a,SIGNAL,PARSED,328,3115,,"[trader #A]

#среднесрок
#LDOUSDT 🐂 Лонг (вход с текущих)

— Вход с текущих: 0.2918
— Усреднение: —

— SL: 0.2684 🛡(от A: -8.0%, от B: —)

— TP1: 0.3121 🎯 (от A: +7.0%, от B: —)
— TP2: 0.3537 🎯 (от A: +21.2%, от B: —)
— TP3: 0.3755 🎯 (от A: +28.7%, от B: —)",1.0,non_signal_intents_dropped_in_signal_message,"{""suppressed_intents"": [""MODIFY_ENTRY:вход с текущих"", ""MODIFY_ENTRY:вход с текущих""], ""matched_markers"": [""symbol/strong:usdt@28:32"", ""symbol/strong:usdt@28:32"", ""LONG/strong:лонг@35:39"", ""entry/strong:(вход с текущих)@40:56"", ""MODIFY_ENTRY/weak:вход@41:45"", ""MODIFY_ENTRY/strong:вход с текущих@41:5",LDOUSDT,LONG,ONE_SHOT,1,1:MARKET:PRIMARY@0.2918,0.2684,3,0.3121|0.3537|0.3755,,,,,,,COMPLETE
41,trader_a,SIGNAL,PARSED,300,3157,,"[trader #A]

#среднесрок
#ASTERUSDT 🐂 Лонг (вход с текущих)

— Вход с текущих: 0.7136
— Усреднение: 0.7041

— SL: 0.6857 🛡(от A: -3.9%, от B: -2.6%)

— TP1: 0.7587 🎯 (от A: +6.3%, от B: +7.8%)
— TP2: 0.7927 🎯 (от A: +11.1%, от B: +12.6%)
— TP3: 0.8367 🎯 (от A: +17.2%, от B: +18.8%)

— Цель: 0.9387 💫 (от A: +31.5%)",1.0,non_signal_intents_dropped_in_signal_message,"{""suppressed_intents"": [""MODIFY_ENTRY:вход с текущих"", ""MODIFY_ENTRY:вход с текущих""], ""matched_markers"": [""symbol/strong:usdt@30:34"", ""symbol/strong:usdt@30:34"", ""LONG/strong:лонг@37:41"", ""entry/strong:(вход с текущих)@42:58"", ""MODIFY_ENTRY/weak:вход@43:47"", ""MODIFY_ENTRY/strong:вход с текущих@43:5",ASTERUSDT,LONG,TWO_STEP,2,1:MARKET:PRIMARY@0.7136|2:LIMIT:AVERAGING@0.7041,0.6857,3,0.7587|0.7927|0.8367,,,,,,,COMPLETE
41,trader_a,SIGNAL,PARSED,289,3172,,"[trader #A]

#среднесрок
#AAVEUSDT 🐂 Лонг (вход с текущих)

— Вход с текущих: 114.68
— Усреднение: —

— SL: 109.67 🛡(от A: -4.4%, от B: —)

— TP1: 124.59 🎯 (от A: +8.6%, от B: —)
— TP2: 151.69 🎯 (от A: +32.3%, от B: —)
— TP3: 176.46 🎯 (от A: +53.9%, от B: —)",1.0,non_signal_intents_dropped_in_signal_message,"{""suppressed_intents"": [""MODIFY_ENTRY:вход с текущих"", ""MODIFY_ENTRY:вход с текущих""], ""matched_markers"": [""symbol/strong:usdt@29:33"", ""symbol/strong:usdt@29:33"", ""LONG/strong:лонг@36:40"", ""entry/strong:(вход с текущих)@41:57"", ""MODIFY_ENTRY/weak:вход@42:46"", ""MODIFY_ENTRY/strong:вход с текущих@42:5",AAVEUSDT,LONG,ONE_SHOT,1,1:MARKET:PRIMARY@114.68,109.67,3,124.59|151.69|176.46,,,,,,,COMPLETE
41,trader_a,SIGNAL,PARSED,268,3196,,"[trader #A]

#среднесрок
#API3USDT 🐂 Лонг (вход с текущих)

— Вход с текущих: 0.2956
— Усреднение: 0.2897

— SL: 0.2737 🛡(от A: -7.4%, от B: -5.5%)

— TP1: 0.3243 🎯 (от A: +9.7%, от B: +11.9%)
— TP2: 0.3837 🎯 (от A: +29.8%, от B: +32.4%)
— TP3: 0.4093 🎯 (от A: +38.5%, от B: +41.3%)",1.0,non_signal_intents_dropped_in_signal_message,"{""suppressed_intents"": [""MODIFY_ENTRY:вход с текущих"", ""MODIFY_ENTRY:вход с текущих""], ""matched_markers"": [""symbol/strong:usdt@29:33"", ""symbol/strong:usdt@29:33"", ""LONG/strong:лонг@36:40"", ""entry/strong:(вход с текущих)@41:57"", ""MODIFY_ENTRY/weak:вход@42:46"", ""MODIFY_ENTRY/strong:вход с текущих@42:5",API3USDT,LONG,TWO_STEP,2,1:MARKET:PRIMARY@0.2956|2:LIMIT:AVERAGING@0.2897,0.2737,3,0.3243|0.3837|0.4093,,,,,,,COMPLETE
41,trader_a,SIGNAL,PARSED,241,3239,,"[trader #A]

#среднесрок
#OPUSDT 🐂 Лонг (вход с текущих)

— Вход с текущих: 0.1303
— Усреднение: 0.1278

— SL: 0.1231 🛡(от A: -5.5%, от B: -3.7%)
— TP1: 0.1383 🎯 (от A: +6.1%, от B: +8.2%)
— TP2: 0.1457 🎯 (от A: +11.8%, от B: +14.0%)
— TP3: 0.1678 🎯 (от A: +28.8%, от B: +31.3%)",1.0,non_signal_intents_dropped_in_signal_message,"{""suppressed_intents"": [""MODIFY_ENTRY:вход с текущих"", ""MODIFY_ENTRY:вход с текущих""], ""matched_markers"": [""symbol/strong:usdt@27:31"", ""symbol/strong:usdt@27:31"", ""LONG/strong:лонг@34:38"", ""entry/strong:(вход с текущих)@39:55"", ""MODIFY_ENTRY/weak:вход@40:44"", ""MODIFY_ENTRY/strong:вход с текущих@40:5",OPUSDT,LONG,TWO_STEP,2,1:MARKET:PRIMARY@0.1303|2:LIMIT:AVERAGING@0.1278,0.1231,3,0.1383|0.1457|0.1678,,,,,,,COMPLETE
41,trader_a,SIGNAL,PARSED,238,3243,,"[trader #A]

#среднесрок
#LTCUSDT 🐂 Лонг (вход с текущих)

— Вход с текущих: 57.23
— Усреднение: 56.63

— SL: 54.83 🛡(от A: -4.19%, от B: -3.18%)

— TP1: 61.13 🎯 (от A: +6.81%, от B: +7.95%)
— TP2: 64.27 🎯 (от A: +12.30%, от B: +13.49%)
— TP3: 66.83 🎯 (от A: +16.77%, от B: +18.01%)",1.0,non_signal_intents_dropped_in_signal_message,"{""suppressed_intents"": [""MODIFY_ENTRY:вход с текущих"", ""MODIFY_ENTRY:вход с текущих""], ""matched_markers"": [""symbol/strong:usdt@28:32"", ""symbol/strong:usdt@28:32"", ""LONG/strong:лонг@35:39"", ""entry/strong:(вход с текущих)@40:56"", ""MODIFY_ENTRY/weak:вход@41:45"", ""MODIFY_ENTRY/strong:вход с текущих@41:5",LTCUSDT,LONG,TWO_STEP,2,1:MARKET:PRIMARY@57.23|2:LIMIT:AVERAGING@56.63,54.83,3,61.13|64.27|66.83,,,,,,,COMPLETE
41,trader_a,SIGNAL,PARSED,215,3272,,"[trader #A]

#среднесрок
#1000PEPEUSDT 🐻 Шорт (вход с текущих)

— Вход с текущих: 0.003899
— Усреднение: -

— SL: 0.004127 🛡(от A: -5.8%)

— TP1: 0.003648 🎯 (от A: +6.4%)
— TP2: 0.003518 🎯 (от A: +9.8%)
— TP3: 0.003128 🎯 (от A: +19.8%)",1.0,non_signal_intents_dropped_in_signal_message,"{""suppressed_intents"": [""MODIFY_ENTRY:вход с текущих"", ""MODIFY_ENTRY:вход с текущих""], ""matched_markers"": [""symbol/strong:usdt@33:37"", ""symbol/strong:usdt@33:37"", ""SHORT/strong:шорт@40:44"", ""entry/strong:(вход с текущих)@45:61"", ""MODIFY_ENTRY/weak:вход@46:50"", ""MODIFY_ENTRY/strong:вход с текущих@46:",1000PEPEUSDT,SHORT,ONE_SHOT,1,1:MARKET:PRIMARY@0.003899,0.004127,3,0.003648|0.003518|0.003128,,,,,,,COMPLETE
41,trader_a,SIGNAL,PARSED,214,3273,,"[trader #A]

#среднесрок
#BTCUSDT 🐻 Шорт (вход с текущих)

— Вход с текущих: 74 377.20
— Усреднение: -

— SL: 76 486.80 🛡(от A: -2.84%)

— TP1: 70 517.20 🎯 (от A: +5.19%)
— TP2: 69 280.80 🎯 (от A: +6.85%)
— TP3: 62 918.40 🎯 (от A: +15.41%)",1.0,non_signal_intents_dropped_in_signal_message,"{""suppressed_intents"": [""MODIFY_ENTRY:вход с текущих"", ""MODIFY_ENTRY:вход с текущих""], ""matched_markers"": [""symbol/strong:usdt@28:32"", ""symbol/strong:usdt@28:32"", ""SHORT/strong:шорт@35:39"", ""entry/strong:(вход с текущих)@40:56"", ""MODIFY_ENTRY/weak:вход@41:45"", ""MODIFY_ENTRY/strong:вход с текущих@41:",BTCUSDT,SHORT,ONE_SHOT,1,1:MARKET:PRIMARY@74377.2,76486.8,3,70517.2|69280.8|62918.4,,,,,,,COMPLETE
41,trader_a,SIGNAL,PARSED,208,3281,,"[trader #A]

#среднесрок
#NEARUSDT 🐂 Лонг (вход с текущих)

— Вход с текущих: 1.4587
— Усреднение: -

— SL: 1.3982 🛡(от A: -4.1%)

— TP1: 1.5837 🎯 (от A: +8.6%)
— TP2: 1.7176 🎯 (от A: +17.7%)
— TP3: 1.7868 🎯 (от A: +22.5%)",1.0,non_signal_intents_dropped_in_signal_message,"{""suppressed_intents"": [""MODIFY_ENTRY:вход с текущих"", ""MODIFY_ENTRY:вход с текущих""], ""matched_markers"": [""symbol/strong:usdt@29:33"", ""symbol/strong:usdt@29:33"", ""LONG/strong:лонг@36:40"", ""entry/strong:(вход с текущих)@41:57"", ""MODIFY_ENTRY/weak:вход@42:46"", ""MODIFY_ENTRY/strong:вход с текущих@42:5",NEARUSDT,LONG,ONE_SHOT,1,1:MARKET:PRIMARY@1.4587,1.3982,3,1.5837|1.7176|1.7868,,,,,,,COMPLETE
41,trader_a,SIGNAL,PARSED,206,3283,3273,"Trader #A

#среднесрок
#BTCUSDT 🐂 Лонг (вход с текущих)

— Вход с текущих: 74 183.70
— Усреднение: -

— SL: 72 041.80 🛡(от A: -2.9%)

— TP1: 76 887.40 🎯 (от A: +3.6%)
— TP2: 79 136.80 🎯 (от A: +6.7%)
— TP3: 86 821.30 🎯 (от A: +17.0%)



Я вообще по битку переобуюсь. 
Закрываю шорт. Открываю лонг",1.0,non_signal_intents_dropped_in_signal_message,"{""suppressed_intents"": [""MODIFY_ENTRY:вход с текущих"", ""MODIFY_ENTRY:вход с текущих"", ""TP_HIT:tp1"", ""TP_HIT:tp2"", ""TP_HIT:tp3""], ""matched_markers"": [""symbol/strong:usdt@26:30"", ""symbol/strong:usdt@26:30"", ""LONG/strong:лонг@33:37"", ""entry/strong:(вход с текущих)@38:54"", ""MODIFY_ENTRY/weak:вход@39:43""",BTCUSDT,LONG,ONE_SHOT,1,1:MARKET:PRIMARY@74183.7,72041.8,3,76887.4|79136.8|86821.3,,,,,,,COMPLETE
41,trader_a,SIGNAL,PARSED,184,3307,,"[trader #A]

#среднесрок
#ETHUSDT 🐻 Шорт (вход с текущих)

— Вход с текущих: 2 209.21
— Усреднение: -

— SL: 2 363.84 🛡 (от A: +7.0%)

— TP1: 2 067.42 🎯 (от A: -6.4%)
— TP2: 1 938.64 🎯 (от A: -12.2%)
— TP3: 1 734.26 🎯 (от A: -21.5%)",1.0,non_signal_intents_dropped_in_signal_message,"{""suppressed_intents"": [""MODIFY_ENTRY:вход с текущих"", ""MODIFY_ENTRY:вход с текущих""], ""matched_markers"": [""symbol/strong:usdt@28:32"", ""symbol/strong:usdt@28:32"", ""SHORT/strong:шорт@35:39"", ""entry/strong:(вход с текущих)@40:56"", ""MODIFY_ENTRY/weak:вход@41:45"", ""MODIFY_ENTRY/strong:вход с текущих@41:",ETHUSDT,SHORT,ONE_SHOT,1,1:MARKET:PRIMARY@2209.21,2363.84,3,2067.42|1938.64|1734.26,,,,,,,COMPLETE
41,trader_a,SIGNAL,PARSED,181,3311,,"[trader #A]

#среднесрок
#BTCUSDT 🐻 Шорт (вход с текущих)

— Вход с текущих: 70 372.70
— Усреднение: -

— SL: 71 886.40 🛡(от A: -2.15%)

— TP1: 67 928.40 🎯 (от A: +3.47%)
— TP2: 65 286.70 🎯 (от A: +7.23%)
— TP3: 61 384.20 🎯 (от A: +12.77%)",1.0,non_signal_intents_dropped_in_signal_message,"{""suppressed_intents"": [""MODIFY_ENTRY:вход с текущих"", ""MODIFY_ENTRY:вход с текущих""], ""matched_markers"": [""symbol/strong:usdt@28:32"", ""symbol/strong:usdt@28:32"", ""SHORT/strong:шорт@35:39"", ""entry/strong:(вход с текущих)@40:56"", ""MODIFY_ENTRY/weak:вход@41:45"", ""MODIFY_ENTRY/strong:вход с текущих@41:",BTCUSDT,SHORT,ONE_SHOT,1,1:MARKET:PRIMARY@70372.7,71886.4,3,67928.4|65286.7|61384.2,,,,,,,COMPLETE
41,trader_a,SIGNAL,PARSED,179,3313,,"[trader #A]

#среднесрок
#DOGEUSDT 🐻 Шорт (вход с текущих)

— Вход с текущих: 0.0934
— Усреднение: -

— SL: 0.0982 🛡(от A: -4.1%)

— TP1: 0.0887 🎯 (от A: +5.9%)
— TP2: 0.0844 🎯 (от A: +10.5%)
— TP3: 0.0784 🎯 (от A: +16.9%)",1.0,non_signal_intents_dropped_in_signal_message,"{""suppressed_intents"": [""MODIFY_ENTRY:вход с текущих"", ""MODIFY_ENTRY:вход с текущих""], ""matched_markers"": [""symbol/strong:usdt@29:33"", ""symbol/strong:usdt@29:33"", ""SHORT/strong:шорт@36:40"", ""entry/strong:(вход с текущих)@41:57"", ""MODIFY_ENTRY/weak:вход@42:46"", ""MODIFY_ENTRY/strong:вход с текущих@42:",DOGEUSDT,SHORT,ONE_SHOT,1,1:MARKET:PRIMARY@0.0934,0.0982,3,0.0887|0.0844|0.0784,,,,,,,COMPLETE
41,trader_a,SIGNAL,PARSED,178,3314,,"[trader #A]

#среднесрок
#LINKUSDT 🐻 Шорт (вход с текущих)

— Вход с текущих: 9.031
— Усреднение: -

— SL: 9.377 🛡(от A: -3.8%)

— TP1: 8.533 🎯 (от A: +5.5%)
— TP2: 8.371 🎯 (от A: +7.3%)
— TP3: 7.237 🎯 (от A: +19.9%)",1.0,non_signal_intents_dropped_in_signal_message,"{""suppressed_intents"": [""MODIFY_ENTRY:вход с текущих"", ""MODIFY_ENTRY:вход с текущих""], ""matched_markers"": [""symbol/strong:usdt@29:33"", ""symbol/strong:usdt@29:33"", ""SHORT/strong:шорт@36:40"", ""entry/strong:(вход с текущих)@41:57"", ""MODIFY_ENTRY/weak:вход@42:46"", ""MODIFY_ENTRY/strong:вход с текущих@42:",LINKUSDT,SHORT,ONE_SHOT,1,1:MARKET:PRIMARY@9.031,9.377,3,8.533|8.371|7.237,,,,,,,COMPLETE
41,trader_a,SIGNAL,PARSED,177,3315,,"[trader #A]

#среднесрок
#PEOPLEUSDT 🐻 Шорт (вход с текущих)

— Вход с текущих: 0.00662
— Усреднение: -

— SL: 0.00693 🛡(от A: -4.7%)

— TP1: 0.00619 🎯 (от A: +6.5%)
— TP2: 0.00584 🎯 (от A: +11.8%)
— TP3: 0.00556 🎯 (от A: +16.0%)",1.0,non_signal_intents_dropped_in_signal_message,"{""suppressed_intents"": [""MODIFY_ENTRY:вход с текущих"", ""MODIFY_ENTRY:вход с текущих""], ""matched_markers"": [""symbol/strong:usdt@31:35"", ""symbol/strong:usdt@31:35"", ""SHORT/strong:шорт@38:42"", ""entry/strong:(вход с текущих)@43:59"", ""MODIFY_ENTRY/weak:вход@44:48"", ""MODIFY_ENTRY/strong:вход с текущих@44:",PEOPLEUSDT,SHORT,ONE_SHOT,1,1:MARKET:PRIMARY@0.00662,0.00693,3,0.00619|0.00584|0.00556,,,,,,,COMPLETE
41,trader_a,SIGNAL,PARSED,176,3316,,"[trader #A]

#среднесрок
#SOLUSDT 🐻 Шорт (вход с текущих)

— Вход с текущих: 88.77
— Усреднение: -

— SL: 92.73 🛡(от A: -4.5%)

— TP1: 84.66 🎯 (от A: +4.6%)
— TP2: 81.43 🎯 (от A: +8.3%)
— TP3: 76.37 🎯 (от A: +14.0%)",1.0,non_signal_intents_dropped_in_signal_message,"{""suppressed_intents"": [""MODIFY_ENTRY:вход с текущих"", ""MODIFY_ENTRY:вход с текущих""], ""matched_markers"": [""symbol/strong:usdt@28:32"", ""symbol/strong:usdt@28:32"", ""SHORT/strong:шорт@35:39"", ""entry/strong:(вход с текущих)@40:56"", ""MODIFY_ENTRY/weak:вход@41:45"", ""MODIFY_ENTRY/strong:вход с текущих@41:",SOLUSDT,SHORT,ONE_SHOT,1,1:MARKET:PRIMARY@88.77,92.73,3,84.66|81.43|76.37,,,,,,,COMPLETE
41,trader_a,SIGNAL,PARSED,151,3366,,"[trader #A]

#среднесрок
#BTCUSDT 🐻 Шорт (вход с текущих)

— Вход с текущих: 68 138.6
— Усреднение: -

— SL: 70 842.7 🛡(от A: -3.97%)

— TP1: 65 982.3 🎯 (от A: +3.17%)
— TP2: 61 274.6 🎯 (от A: +10.07%)
— TP3: 54 386.2 🎯 (от A: +20.18%)",1.0,non_signal_intents_dropped_in_signal_message,"{""suppressed_intents"": [""MODIFY_ENTRY:вход с текущих"", ""MODIFY_ENTRY:вход с текущих""], ""matched_markers"": [""symbol/strong:usdt@28:32"", ""symbol/strong:usdt@28:32"", ""SHORT/strong:шорт@35:39"", ""entry/strong:(вход с текущих)@40:56"", ""MODIFY_ENTRY/weak:вход@41:45"", ""MODIFY_ENTRY/strong:вход с текущих@41:",BTCUSDT,SHORT,ONE_SHOT,1,1:MARKET:PRIMARY@68138.6,70842.7,3,65982.3|61274.6|54386.2,,,,,,,COMPLETE
41,trader_a,SIGNAL,PARSED,146,3371,,"[trader #A]

#среднесрок
#XRPUSDT 🐻 Шорт (вход с текущих)

— Вход с текущих: 1.3792
— Усреднение: -

— SL: 1.4127 🛡(от A: -2.4%)

— TP1: 1.3346 🎯 (от A: +3.2%)
— TP2: 1.2843 🎯 (от A: +6.9%)
— TP3: 1.2148 🎯 (от A: +11.9%)",1.0,non_signal_intents_dropped_in_signal_message,"{""suppressed_intents"": [""MODIFY_ENTRY:вход с текущих"", ""MODIFY_ENTRY:вход с текущих""], ""matched_markers"": [""leverage/weak:x@25:26"", ""symbol/strong:usdt@28:32"", ""symbol/strong:usdt@28:32"", ""SHORT/strong:шорт@35:39"", ""entry/strong:(вход с текущих)@40:56"", ""MODIFY_ENTRY/weak:вход@41:45"", ""MODIFY_ENTRY/",XRPUSDT,SHORT,ONE_SHOT,1,1:MARKET:PRIMARY@1.3792,1.4127,3,1.3346|1.2843|1.2148,,,,,,,COMPLETE
41,trader_a,SIGNAL,PARSED,145,3372,,"[trader #A]

#среднесрок
#ETHUSDT 🐻 Шорт (вход с текущих)

— Вход с текущих: 2 041.70
— Усреднение: -

— SL: 2 133.80 🛡(от A: -4.50%)

— TP1: 1 982.40 🎯 (от A: +2.90%)
— TP2: 1 912.60 🎯 (от A: +6.30%)
— TP3: 1 756.80 🎯 (от A: +13.90%)",1.0,non_signal_intents_dropped_in_signal_message,"{""suppressed_intents"": [""MODIFY_ENTRY:вход с текущих"", ""MODIFY_ENTRY:вход с текущих""], ""matched_markers"": [""symbol/strong:usdt@28:32"", ""symbol/strong:usdt@28:32"", ""SHORT/strong:шорт@35:39"", ""entry/strong:(вход с текущих)@40:56"", ""MODIFY_ENTRY/weak:вход@41:45"", ""MODIFY_ENTRY/strong:вход с текущих@41:",ETHUSDT,SHORT,ONE_SHOT,1,1:MARKET:PRIMARY@2041.7,2133.8,3,1982.4|1912.6|1756.8,,,,,,,COMPLETE
41,trader_a,SIGNAL,PARSED,113,3404,,"[trader #A]

#среднесрок
#DOGEUSDT 🐻 Шорт (вход с текущих)

— Вход с текущих: 0.0934
— Усреднение: -

— SL: 0.0982 🛡(от A: -4.1%)

— TP1: 0.0887 🎯 (от A: +5.9%)
— TP2: 0.0844 🎯 (от A: +10.5%)
— TP3: 0.0784 🎯 (от A: +16.9%)

перезаход",1.0,non_signal_intents_dropped_in_signal_message,"{""suppressed_intents"": [""MODIFY_ENTRY:вход с текущих"", ""MODIFY_ENTRY:вход с текущих""], ""matched_markers"": [""symbol/strong:usdt@29:33"", ""symbol/strong:usdt@29:33"", ""SHORT/strong:шорт@36:40"", ""entry/strong:(вход с текущих)@41:57"", ""MODIFY_ENTRY/weak:вход@42:46"", ""MODIFY_ENTRY/strong:вход с текущих@42:",DOGEUSDT,SHORT,ONE_SHOT,1,1:MARKET:PRIMARY@0.0934,0.0982,3,0.0887|0.0844|0.0784,,,,,,,COMPLETE
41,trader_a,SIGNAL,PARSED,112,3405,,"[trader #A]

#среднесрок
#LINKUSDT 🐻 Шорт (вход с текущих)

— Вход с текущих: 9.031
— Усреднение: -

— SL: 9.377 🛡(от A: -3.8%)

— TP1: 8.533 🎯 (от A: +5.5%)
— TP2: 8.371 🎯 (от A: +7.3%)
— TP3: 7.237 🎯 (от A: +19.9%)

перезаход",1.0,non_signal_intents_dropped_in_signal_message,"{""suppressed_intents"": [""MODIFY_ENTRY:вход с текущих"", ""MODIFY_ENTRY:вход с текущих""], ""matched_markers"": [""symbol/strong:usdt@29:33"", ""symbol/strong:usdt@29:33"", ""SHORT/strong:шорт@36:40"", ""entry/strong:(вход с текущих)@41:57"", ""MODIFY_ENTRY/weak:вход@42:46"", ""MODIFY_ENTRY/strong:вход с текущих@42:",LINKUSDT,SHORT,ONE_SHOT,1,1:MARKET:PRIMARY@9.031,9.377,3,8.533|8.371|7.237,,,,,,,COMPLETE
41,trader_a,SIGNAL,PARSED,111,3406,,"[trader #A]

#среднесрок
#SOLUSDT 🐻 Шорт (вход с текущих)

— Вход с текущих: 88.77
— Усреднение: -

— SL: 92.73 🛡(от A: -4.5%)

— TP1: 84.66 🎯 (от A: +4.6%)
— TP2: 81.43 🎯 (от A: +8.3%)
— TP3: 76.37 🎯 (от A: +14.0%)

перезаход",1.0,non_signal_intents_dropped_in_signal_message,"{""suppressed_intents"": [""MODIFY_ENTRY:вход с текущих"", ""MODIFY_ENTRY:вход с текущих""], ""matched_markers"": [""symbol/strong:usdt@28:32"", ""symbol/strong:usdt@28:32"", ""SHORT/strong:шорт@35:39"", ""entry/strong:(вход с текущих)@40:56"", ""MODIFY_ENTRY/weak:вход@41:45"", ""MODIFY_ENTRY/strong:вход с текущих@41:",SOLUSDT,SHORT,ONE_SHOT,1,1:MARKET:PRIMARY@88.77,92.73,3,84.66|81.43|76.37,,,,,,,COMPLETE
41,trader_a,SIGNAL,PARSED,92,3425,,"[trader #A]

#среднесрок
#BTCUSDT 🐂 Лонг (вход с текущих)

— Вход с текущих: 71 753.80
— Усреднение: -

— SL: 68 437.80 🛡(от A: -4.1%)

— TP1: 74 435.80 🎯 (от A: +4.3%)
— TP2: 76 035.80 🎯 (от A: +6.5%)
— TP3: 78 206.70 🎯 (от A: +9.6%)",1.0,non_signal_intents_dropped_in_signal_message,"{""suppressed_intents"": [""MODIFY_ENTRY:вход с текущих"", ""MODIFY_ENTRY:вход с текущих""], ""matched_markers"": [""symbol/strong:usdt@28:32"", ""symbol/strong:usdt@28:32"", ""LONG/strong:лонг@35:39"", ""entry/strong:(вход с текущих)@40:56"", ""MODIFY_ENTRY/weak:вход@41:45"", ""MODIFY_ENTRY/strong:вход с текущих@41:5",BTCUSDT,LONG,ONE_SHOT,1,1:MARKET:PRIMARY@71753.8,68437.8,3,74435.8|76035.8|78206.7,,,,,,,COMPLETE
41,trader_a,SIGNAL,PARSED,89,3428,,"[trader #A]

#среднесрок
#ENAUSDT 🐂 Лонг  (вход с текущих)

— Вход с текущих: 0.09887
— Усреднение: -

— SL: 0.09371 🛡(от A: -5.2%)

— TP1: 0.10491 🎯 (от A: +6.1%)
— TP2: 0.10981 🎯 (от A: +11.1%)
— TP3: 0.11997 🎯 (от A: +21.3%)",1.0,non_signal_intents_dropped_in_signal_message,"{""suppressed_intents"": [""MODIFY_ENTRY:вход с текущих"", ""MODIFY_ENTRY:вход с текущих""], ""matched_markers"": [""symbol/strong:usdt@28:32"", ""symbol/strong:usdt@28:32"", ""LONG/strong:лонг@35:39"", ""entry/strong:(вход с текущих)@40:56"", ""MODIFY_ENTRY/weak:вход@41:45"", ""MODIFY_ENTRY/strong:вход с текущих@41:5",ENAUSDT,LONG,ONE_SHOT,1,1:MARKET:PRIMARY@0.09887,0.09371,3,0.10491|0.10981|0.11997,,,,,,,COMPLETE
41,trader_a,SIGNAL,PARSED,86,3431,,"[trader #A]

#среднесрок
#DOTUSDT 🐂 Лонг (вход с текущих)

— Вход с текущих: 1.3892
— Усреднение: -

— SL: 1.3456 🛡(от A: -3.1%)

— TP1: 1.4725 🎯 (от A: +6.0%)
— TP2: 1.5291 🎯 (от A: +10.1%)
— TP3: 1.6458 🎯 (от A: +18.5%)",1.0,non_signal_intents_dropped_in_signal_message,"{""suppressed_intents"": [""MODIFY_ENTRY:вход с текущих"", ""MODIFY_ENTRY:вход с текущих""], ""matched_markers"": [""symbol/strong:usdt@28:32"", ""symbol/strong:usdt@28:32"", ""LONG/strong:лонг@35:39"", ""entry/strong:(вход с текущих)@40:56"", ""MODIFY_ENTRY/weak:вход@41:45"", ""MODIFY_ENTRY/strong:вход с текущих@41:5",DOTUSDT,LONG,ONE_SHOT,1,1:MARKET:PRIMARY@1.3892,1.3456,3,1.4725|1.5291|1.6458,,,,,,,COMPLETE
41,trader_a,SIGNAL,PARSED,85,3432,,"[trader #A]

#среднесрок
#OPUSDT 🐂 Лонг (вход с текущих)

— Вход с текущих: 0.1144
— Усреднение: -

— SL: 0.1099 🛡(от A: -3.9%)

— TP1: 0.1238 🎯 (от A: +8.2%)
— TP2: 0.1293 🎯 (от A: +13.0%)
— TP3: 0.1397 🎯 (от A: +22.1%)",1.0,non_signal_intents_dropped_in_signal_message,"{""suppressed_intents"": [""MODIFY_ENTRY:вход с текущих"", ""MODIFY_ENTRY:вход с текущих""], ""matched_markers"": [""symbol/strong:usdt@27:31"", ""symbol/strong:usdt@27:31"", ""LONG/strong:лонг@34:38"", ""entry/strong:(вход с текущих)@39:55"", ""MODIFY_ENTRY/weak:вход@40:44"", ""MODIFY_ENTRY/strong:вход с текущих@40:5",OPUSDT,LONG,ONE_SHOT,1,1:MARKET:PRIMARY@0.1144,0.1099,3,0.1238|0.1293|0.1397,,,,,,,COMPLETE
41,trader_a,SIGNAL,PARSED,79,3438,,"[trader #A]

#среднесрок 
#AAVEUSDT 🐂 Лонг (вход с текущих)

— Вход с текущих: 112.97
— Усреднение: -

— SL: 106.21 🛡(от A: -6.0%).

— TP1: 120.43 🎯 (от A: +6.6%).
— TP2: 125.41 🎯 (от A: +11.0%).
— TP3: 129.43 🎯 (от A: +14.6%).

— Цель: 150.43 💫 (от A: +33.2%).",1.0,non_signal_intents_dropped_in_signal_message,"{""suppressed_intents"": [""MODIFY_ENTRY:вход с текущих"", ""MODIFY_ENTRY:вход с текущих""], ""matched_markers"": [""symbol/strong:usdt@29:33"", ""symbol/strong:usdt@29:33"", ""LONG/strong:лонг@36:40"", ""entry/strong:(вход с текущих)@41:57"", ""MODIFY_ENTRY/weak:вход@42:46"", ""MODIFY_ENTRY/strong:вход с текущих@42:5",AAVEUSDT,LONG,ONE_SHOT,1,1:MARKET:PRIMARY@112.97,106.21,3,120.43|125.41|129.43,,,,,,,COMPLETE
41,trader_a,SIGNAL,PARSED,77,3440,,"[trader #A]

#среднесрок
#ADAUSDT 🐂 Лонг (вход с текущих)

— Вход с текущих: 0.2711
— Усреднение: -

— SL: 0.2527 🛡(от A: -6.8%)

— TP1: 0.2843 🎯 (от A: +4.9%)
— TP2: 0.2977 🎯 (от A: +9.8%)
— TP3: 0.3116 🎯 (от A: +15.0%)",1.0,non_signal_intents_dropped_in_signal_message,"{""suppressed_intents"": [""MODIFY_ENTRY:вход с текущих"", ""MODIFY_ENTRY:вход с текущих""], ""matched_markers"": [""symbol/strong:usdt@28:32"", ""symbol/strong:usdt@28:32"", ""LONG/strong:лонг@35:39"", ""entry/strong:(вход с текущих)@40:56"", ""MODIFY_ENTRY/weak:вход@41:45"", ""MODIFY_ENTRY/strong:вход с текущих@41:5",ADAUSDT,LONG,ONE_SHOT,1,1:MARKET:PRIMARY@0.2711,0.2527,3,0.2843|0.2977|0.3116,,,,,,,COMPLETE
41,trader_a,SIGNAL,PARSED,39,3478,,"[trader #A]

#среднесрок
#ETHUSDT 🐂 Лонг (вход с текущих) 

— Вход с текущих: 2 036.35
— Усреднение: -

— SL: 1 862.15 🛡(от A: -8.6%).

— TP1: 2 158.35 🎯 (от A: +6.0%).
— TP2: 2 513.65 🎯 (от A: +23.5%).
— TP3: 2 633.15 🎯 (от A: +29.3%).

— Цель: 2 833.15 💫 (от A: +39.1%).",1.0,non_signal_intents_dropped_in_signal_message,"{""suppressed_intents"": [""MODIFY_ENTRY:вход с текущих"", ""MODIFY_ENTRY:вход с текущих""], ""matched_markers"": [""symbol/strong:usdt@28:32"", ""symbol/strong:usdt@28:32"", ""LONG/strong:лонг@35:39"", ""entry/strong:(вход с текущих)@40:56"", ""MODIFY_ENTRY/weak:вход@41:45"", ""MODIFY_ENTRY/strong:вход с текущих@41:5",ETHUSDT,LONG,ONE_SHOT,1,1:MARKET:PRIMARY@2036.35,1862.15,3,2158.35|2513.65|2633.15,,,,,,,COMPLETE
41,trader_a,SIGNAL,PARSED,36,3481,,"[trader #A]

#среднесрок
#AVAXUSDT 🐂 Лонг (лимитный вход)

— Вход с текущих: 8.356
— Усреднение: -

— SL: 8.019 🛡(от A: -4.0%)

— TP1: 8.836 🎯 (от A: +5.7%)
— TP2: 9.236 🎯 (от A: +10.5%)
— TP3: 9.628 🎯 (от A: +15.2%)

— Цель: 10.386 💫 (от A: +24.3%)",1.0,non_signal_intents_dropped_in_signal_message,"{""suppressed_intents"": [""MODIFY_ENTRY:вход"", ""MODIFY_ENTRY:вход с текущих""], ""matched_markers"": [""leverage/weak:x@28:29"", ""symbol/strong:usdt@29:33"", ""symbol/strong:usdt@29:33"", ""LONG/strong:лонг@36:40"", ""MODIFY_ENTRY/weak:вход@51:55"", ""MODIFY_ENTRY/weak:вход@59:63"", ""MODIFY_ENTRY/strong:вход с теку",AVAXUSDT,LONG,ONE_SHOT,1,1:MARKET:PRIMARY@8.356,8.019,3,8.836|9.236|9.628,,,,,,,COMPLETE
41,trader_a,SIGNAL,PARSED,26,3491,,"[trader #A]

#среднесрок
#BNBUSDT 🐻 Шорт (вход с текущих)

— Вход с текущих: 614.36
— Усреднение: -

— SL: 623.18 🛡(от A: -1.4%)

— TP1: 596.34 🎯 (от A: +2.9%)
— TP2: 582.64 🎯 (от A: +5.2%)
— TP3: 566.18 🎯 (от A: +7.8%)

— Цель: 548.84 💫 (от A: +10.7%)

Вход не более 1–2% от депозита",1.0,non_signal_intents_dropped_in_signal_message,"{""suppressed_intents"": [""MODIFY_ENTRY:вход с текущих"", ""MODIFY_ENTRY:вход с текущих""], ""matched_markers"": [""symbol/strong:usdt@28:32"", ""symbol/strong:usdt@28:32"", ""SHORT/strong:шорт@35:39"", ""entry/strong:(вход с текущих)@40:56"", ""MODIFY_ENTRY/weak:вход@41:45"", ""MODIFY_ENTRY/strong:вход с текущих@41:",BNBUSDT,SHORT,ONE_SHOT,1,1:MARKET:PRIMARY@614.36,623.18,3,596.34|582.64|566.18,Вход не более 1–2%,,1.0,2.0,,,COMPLETE
41,trader_a,SIGNAL,PARSED,25,3492,,"[trader #A]

#среднесрок
#TONUSDT 🐻 Шорт (вход с текущих)

— Вход с текущих: 1.2104
— Усреднение: -

— SL: 1.3478 🛡(от A: -11.4%).

— TP1: 1.1186 🎯 (от A: +7.6%).
— TP2: 0.9864 🎯 (от A: +18.5%).
— TP3: 0.8468 🎯 (от A: +30.0%).

— Цель: 0.5846 💫 (от A: +51.7%).",1.0,non_signal_intents_dropped_in_signal_message,"{""suppressed_intents"": [""MODIFY_ENTRY:вход с текущих"", ""MODIFY_ENTRY:вход с текущих""], ""matched_markers"": [""symbol/strong:usdt@28:32"", ""symbol/strong:usdt@28:32"", ""SHORT/strong:шорт@35:39"", ""entry/strong:(вход с текущих)@40:56"", ""MODIFY_ENTRY/weak:вход@41:45"", ""MODIFY_ENTRY/strong:вход с текущих@41:",TONUSDT,SHORT,ONE_SHOT,1,1:MARKET:PRIMARY@1.2104,1.3478,3,1.1186|0.9864|0.8468,,,,,,,COMPLETE
41,trader_a,SIGNAL,PARSED,22,3495,,"[trader #A]

#среднесрок
#AVAXUSDT 🐻 Шорт (вход с текущих)

— Вход с текущих: 8.946
— Усреднение: -

— SL: 9.838 🛡(от A: -10.0%)

— TP1: 8.396 🎯 (от A: +6.1%)
— TP2: 7.348 🎯 (от A: +17.9%)
— TP3: 6.182 🎯 (от A: +30.9%)

— Цель: 5.842 💫 (от A: +34.7%)",1.0,non_signal_intents_dropped_in_signal_message,"{""suppressed_intents"": [""MODIFY_ENTRY:вход с текущих"", ""MODIFY_ENTRY:вход с текущих""], ""matched_markers"": [""leverage/weak:x@28:29"", ""symbol/strong:usdt@29:33"", ""symbol/strong:usdt@29:33"", ""SHORT/strong:шорт@36:40"", ""entry/strong:(вход с текущих)@41:57"", ""MODIFY_ENTRY/weak:вход@42:46"", ""MODIFY_ENTRY/",AVAXUSDT,SHORT,ONE_SHOT,1,1:MARKET:PRIMARY@8.946,9.838,3,8.396|7.348|6.182,,,,,,,COMPLETE
41,trader_a,SIGNAL,PARSED,15,3502,,"[trader #A]

#среднесрок
#DOTUSDT 🐻 Шорт (вход с текущих)

— Вход с текущих: 1.2292
— Усреднение: -

— SL: 1.3169 🛡(от A: -7.1%)

— TP1: 1.0964 🎯 (от A: +10.8%)
— TP2: 0.9868 🎯 (от A: +19.7%)
— TP3: 0.8476 🎯 (от A: +31.0%)

— Цель: 0.7427 💫 (от A: +39.6%)

Вход не более 1–2% от депозита",1.0,non_signal_intents_dropped_in_signal_message,"{""suppressed_intents"": [""MODIFY_ENTRY:вход с текущих"", ""MODIFY_ENTRY:вход с текущих""], ""matched_markers"": [""symbol/strong:usdt@28:32"", ""symbol/strong:usdt@28:32"", ""SHORT/strong:шорт@35:39"", ""entry/strong:(вход с текущих)@40:56"", ""MODIFY_ENTRY/weak:вход@41:45"", ""MODIFY_ENTRY/strong:вход с текущих@41:",DOTUSDT,SHORT,ONE_SHOT,1,1:MARKET:PRIMARY@1.2292,1.3169,3,1.0964|0.9868|0.8476,Вход не более 1–2%,,1.0,2.0,,,COMPLETE
41,trader_a,SIGNAL,PARSED,14,3503,,"[trader #A]

#среднесрок
#ICPUSDT 🐻 Шорт (вход с текущих)

— Вход с текущих: 2.2418
— Усреднение: -

— SL: 2.3356 🛡(от A: -4.2%)

— TP1: 2.1184 🎯 (от A: +5.5%)
— TP2: 1.9836 🎯 (от A: +11.5%)
— TP3: 1.7468 🎯 (от A: +22.1%)

— Цель: 1.6842 💫 (от A: +24.9%)",1.0,non_signal_intents_dropped_in_signal_message,"{""suppressed_intents"": [""MODIFY_ENTRY:вход с текущих"", ""MODIFY_ENTRY:вход с текущих""], ""matched_markers"": [""symbol/strong:usdt@28:32"", ""symbol/strong:usdt@28:32"", ""SHORT/strong:шорт@35:39"", ""entry/strong:(вход с текущих)@40:56"", ""MODIFY_ENTRY/weak:вход@41:45"", ""MODIFY_ENTRY/strong:вход с текущих@41:",ICPUSDT,SHORT,ONE_SHOT,1,1:MARKET:PRIMARY@2.2418,2.3356,3,2.1184|1.9836|1.7468,,,,,,,COMPLETE
41,trader_a,SIGNAL,PARSED,8,3509,,"[trader #A]

#среднесрок
#BTCUSDT 🐻 Шорт (вход с текущих)

— Вход с текущих: 66 636.53
— Усреднение: -

— SL: 68 287.41 🛡(от A: -2.5%)

— TP1: 64 437.26 🎯 (от A: +3.3%)
— TP2: 62 387.28 🎯 (от A: +6.4%)
— TP3: 59 917.42 🎯 (от A: +10.1%)

— Цель: 53 647.18 💫 (от A: +19.5%)",1.0,non_signal_intents_dropped_in_signal_message,"{""suppressed_intents"": [""MODIFY_ENTRY:вход с текущих"", ""MODIFY_ENTRY:вход с текущих""], ""matched_markers"": [""symbol/strong:usdt@28:32"", ""symbol/strong:usdt@28:32"", ""SHORT/strong:шорт@35:39"", ""entry/strong:(вход с текущих)@40:56"", ""MODIFY_ENTRY/weak:вход@41:45"", ""MODIFY_ENTRY/strong:вход с текущих@41:",BTCUSDT,SHORT,ONE_SHOT,1,1:MARKET:PRIMARY@66636.53,68287.41,3,64437.26|62387.28|59917.42,,,,,,,COMPLETE
